Project Name/TEST													
Project Type/Forward(S)													
Shot Offset/5/meter													
Geophone Interval/5/meter													
Trigger Value/0,25/miliVolt													
Data Count/501													
Record Length/500/microSecond													
Comments/TEST													
Time	Channel-1	Channel-2	Channel-3	Channel-4	Channel-5	Channel-6	Channel-7	Channel-8	Channel-9	Channel-10	Channel-11	Channel-12	Channel-13
0	0,094420706	0,011411075	0,010667455	0,063018868	0,071047965	0,091865914	0,076630815	0,041665893	0,056041983	0,015119414	0,041157866	0,014013047	0,096515249
1	0,021130811	0,011774983	0,047202643	0,017049687	0,020934236	0,060429542	0,067661447	0,093607202	0,020438521	0,047752252	0,068193121	0,075426088	0,001621623
2	0,022375084	0,018189548	0,023708498	0,040412756	0,051369769	0,034274948	0,013455415	0,084840188	0,014588936	0,099804198	0,095951996	0,022587223	0,048511027
3	0,075833383	0,046258705	0,046633491	0,022751106	0,043114846	0,095703526	0,0342449	0,09711146	0,07985284	0,069546607	0,04196874	0,088321481	0,020781537
4	0,042844873	0,080120575	0,003060342	0,089150848	0,062329551	0,069199687	0,086889875	0,01394699	0,029846133	0,068655796	0,09881983	0,043684051	0,014843308
5	0,061297367	0,034593917	0,016270688	0,038780177	0,026898543	0,033565333	0,071867906	0,082744841	0,021339499	0,054910234	0,04833877	0,033984456	0,093833183
6	0,067252576	0,006901357	0,033533731	0,0623224	0,064905692	0,051105433	0,091122502	0,064515838	0,069382478	0,0508	0,053679542	0,074143781	0,024024848
7	0,091248942	0,004116172	0,082856827	0,002188951	0,059441759	0,018862721	0,09520207	0,075411799	0,015873886	0,087045249	0,073950159	0,074728032	0,07464701
8	0,092479022	0,020826546	0,044500363	0,034384277	0,049360039	0,045478168	0,040724773	0,082144948	0,040008724	0,010921215	0,036507064	0,077192621	0,088976632
9	0,013940863	0,031342823	0,016986846	0,082401235	0,079130278	0,023310123	0,038230953	0,014255202	0,067632228	0,094281421	0,094197826	0,007588157	0,034543118
10	0,013193269	0,077347877	0,092734794	0,059677152	0,020993543	0,080562153	0,031112941	0,025890645	0,032441158	0,003040438	0,025302078	0,032903253	0,012374553
11	0,048099401	0,074249345	0,088262065	0,066824651	0,068045606	0,03514434	0,076639011	0,024589875	0,073390754	0,080067463	0,085755047	0,04926501	0,065413391
12	0,015927959	0,050481956	0,004533683	0,070029401	0,031252029	0,037112834	0,074536346	0,086668888	0,014039928	0,048911183	0,008992218	0,032294074	0,073000797
13	0,099756767	0,045714482	0,063740973	0,088012358	0,086987058	0,08531899	0,03899575	0,044398249	0,016568167	0,04230455	0,021144713	0,097659129	0,033746541
14	0,02984089	0,037125535	0,072032216	0,038070549	0,08603424	0,025463989	0,005865913	0,040547531	0,004457702	0,071296016	0,013625619	0,0575579	0,031197875
15	0,044078847	0,024717224	0,063447987	0,021930302	0,024477963	0,027788	0,057157338	0,05527248	0,097312513	0,082952237	0,052419905	0,0131946	0,083143911
16	0,072319552	0,069019129	0,037845078	0,021372553	0,088775903	0,045447798	0,042311924	0,012962088	0,081428167	0,049696871	0,005984156	0,085653303	0,048536573
17	0,080320677	0,065591794	0,062741149	0,009390274	0,058386863	0,012229143	0,055500865	0,07931395	0,017382579	0,035158847	0,034071184	0,004355649	0,039236792
18	0,0554931	0,074129717	0,021271831	0,028394611	0,081085941	0,087207722	0,018228345	0,095409179	0,012744692	0,099710316	0,021759562	0,003874225	0,076243186
19	0,016629967	0,057279976	0,097309774	0,091598967	0,006674941	0,048048083	0,095340526	0,098350267	0,057562415	0,043781722	0,06454617	0,09191678	0,06410602
20	0,088834863	0,046711335	0,031583328	0,093241694	0,033089271	0,035714302	0,080826416	0,070149319	0,060703464	0,080072466	0,051420693	0,033561836	0,021763034
21	0,01826747	0,03373707	0,09664228	0,023872157	0,001069855	0,094340199	0,039803446	0,032365965	0,030312142	0,063929704	0,002257822	0,023434215	0,0679917
22	0,035027172	0,063497881	0,089514479	0,04856798	0,037908873	0,02554729	0,015284157	0,024234385	0,064896366	0,003581409	0,084899569	0,032707084	0,084552745
23	0,005196324	0,041205669	0,031242742	0,051089668	0,033171433	0,095978066	0,032908293	0,035863793	0,063453177	0,080383897	0,071566927	0,02183316	0,091907569
24	0,010682242	0,057771791	0,065591307	0,054866315	0,012654296	0,072626074	0,049696122	0,037108926	0,041126374	0,037254278	0,031414504	0,02267603	0,012590462
25	0,028232314	0,074716767	0,009591265	0,022842763	0,079861093	0,035929878	0,018356808	0,057756266	0,001721064	0,067010205	0,04007898	0,044446291	0,029004449
26	0,058406368	0,012150653	0,099479922	0,033489459	0,006210316	0,074356252	0,01155747	0,069218182	0,075885707	0,030220359	0,079081874	0,002647896	0,056451097
27	0,068620298	0,096276105	0,080144521	0,010516808	0,068581227	0,090356932	0,035011853	0,098602188	0,012722541	0,087789223	0,06088916	0,007975962	0,064330906
28	0,069408818	0,087323965	0,079449577	0,013744318	0,080816292	0,053243661	0,026240614	0,026825514	0,058045424	0,094863047	0,062703038	0,021060386	0,001992669
29	0,08539553	0,018205585	0,035489032	0,034661515	0,055637406	0,058647154	0,095329904	0,088649052	0,091815343	0,057229084	0,043707336	0,017022778	0,004885815
30	0,003297505	0,02590481	0,017297046	0,010001449	0,012973292	0,04376735	0,019158295	0,022427021	0,002149688	0,041889742	0,058869755	0,032998919	0,033600867
31	0,091509217	0,046053829	0,050147979	0,07446976	0,049109926	0,052666793	0,073199825	0,059052562	0,010559899	0,08230436	0,0753603	0,003766519	0,040858981
32	0,013401816	0,073334261	0,094480585	0,098888993	0,045559454	0,070980204	0,06399413	0,072757938	0,072573328	0,09764542	0,022017308	0,00073875	0,084980515
33	0,066911215	0,095614608	0,000958847	0,0692256	0,012480049	0,023202866	0,04673121	0,051983951	0,085710487	0,010257139	0,033764166	0,041824873	0,094836758
34	0,038801866	0,068475285	0,008482635	0,052256396	0,00327271	0,092641951	0,027590471	0,041028769	0,028312807	0,051579669	0,039933239	0,042514434	0,088670224
35	0,032876189	0,047876723	0,00122319	0,04133054	0,091426167	0,009244405	0,039942092	0,087759258	0,034688477	0,085621889	0,042628602	0,031472975	0,053017647
36	0,04114116	0,08567513	0,039352354	0,089413588	0,045157699	0,033715842	0,097626906	0,006908403	0,085619582	0,034101267	0,004372749	0,010655376	0,018376127
37	0,092684167	0,047753919	0,066958637	0,045878334	0,006041376	0,015779912	0,022020892	0,041493686	0,07408636	0,027165913	0,060820324	0,085504642	0,00381288
38	0,046379396	0,058020777	0,096878181	0,047597591	0,069239413	0,081544706	0,073127429	0,082153205	0,09989684	0,056476946	0,021248889	0,065816549	0,029025276
39	0,008872293	0,017979347	0,074401698	0,036622487	0,029353761	0,08459777	0,068373047	0,076864052	0,043435211	0,051330789	0,080894288	0,050436291	0,011941453
40	0,062755672	0,074086681	0,058451268	0,030703014	0,076112489	0,065844051	0,036229221	0,078492326	0,06420075	0,036605997	0,054604111	0,016635649	0,096836645
41	0,056941215	0,075264047	0,022793955	0,020781959	0,001948504	0,092684582	0,00565857	0,017443091	0,071874521	0,091229354	0,011058499	0,046701695	0,050629021
42	0,062587064	0,093278168	0,028775541	0,066689332	0,041803875	0,062953065	0,054330987	0,011634578	0,001660914	0,083367789	0,024604743	0,030153744	0,077157653
43	0,000637675	0,077630385	0,001372529	0,084501838	0,029010344	0,004994648	0,017557621	0,025361128	0,091719171	0,078315953	0,061866246	0,078685103	0,031179525
44	0,050149742	0,027902728	0,031110428	0,021249801	0,030529304	0,098714694	0,052327195	0,021734787	0,073236323	0,009057966	0,0766514	0,076250201	0,079349032
45	0,07714212	0,033346699	0,041920916	0,01603979	0,038195855	0,082484472	0,013621248	0,06658151	0,098817038	0,028267925	0,087404588	0,090892419	0,087682558
46	0,06509932	0,056973123	0,08832536	0,090769965	0,018905448	0,020372019	0,046848362	0,060044563	0,092183085	0,071815938	0,029953542	0,023114534	0,095169812
47	0,028639156	0,080798278	0,025985142	0,002228652	0,093677295	0,098920399	0,044913027	0,054287894	0,033208242	0,083917327	0,041839849	0,013223434	0,040007661
48	0,069684025	0,019055652	0,057744497	0,089614674	0,074162784	0,057687213	0,056028587	0,061982082	0,091965923	0,062203115	0,090306585	0,067909538	0,04044879
49	0,030266257	0,060634261	0,026537796	0,054574339	0,047518365	0,008451249	0,078603006	0,04491112	0,009736441	0,040291482	0,096287347	0,013073508	0,050421322
50	0,030266257	0,02617396	0,079135116	0,067252633	0,063825884	0,084661931	0,064691573	0,064433956	0,055733125	0,028750756	0,051109211	0,044521778	0,076182805
51	0,030266257	0,076637175	0,043876318	0,027894225	0,056145967	0,068162745	0,083181665	0,048064139	0,09481862	0,099806473	0,000441583	0,07439018	0,007271252
52	0,030266257	0,024699379	0,079853605	0,015246153	0,046291082	0,0593516	0,076800557	0,008045766	0,054134245	0,023254248	0,010314912	0,080294059	0,083930209
53	0,030266257	0,015476577	0,049320459	0,061762975	0,097802738	0,052908682	0,040893638	0,070272106	0,001824609	0,027229559	0,051280443	0,06600703	0,069806579
54	0,030266257	0,098442141	0,088105788	0,009878974	0,084524794	0,005937415	0,076742227	0,055695867	0,047333132	0,02894475	0,09522415	0,040768636	0,038629204
55	0,030266257	0,050105713	0,050014289	0,041418677	0,06802838	0,069457623	0,075132436	0,050758014	0,084414868	0,08694694	0,038005178	0,004087573	0,032391931
56	0,030266257	0,075841625	0,068972427	0,038167294	0,099016538	0,065696024	0,082638223	0,088388626	0,043627193	0,00675283	0,036870684	0,062811865	0,015466742
57	0,030266257	0,09000817	0,043889276	0,069595003	0,081589804	0,015816971	0,016973318	0,042378405	0,004316348	0,022483452	0,063589596	0,087920121	0,015314758
58	0,030266257	0,002920479	0,053930121	0,09808738	0,027644711	0,071148693	0,045559223	0,019633843	0,05642422	0,04846432	0,071299588	0,048679006	0,015143559
59	0,030266257	0,014603723	0,084022019	0,050211188	0,076113523	0,055786453	0,034993906	0,028928748	0,012349035	0,075192196	0,003425349	0,025701093	0,091042429
60	0,030266257	0,085215284	0,06379944	0,07719789	0,026107323	0,061548234	0,091502457	0,013430185	0,070733132	0,069259809	0,049347345	0,032545393	0,048908315
61	0,030266257	0,097666083	0,06033048	0,023496479	0,007838794	0,030255134	0,053324102	0,089670034	0,098123903	0,006119767	0,021225999	0,067297877	0,042407368
62	0,030266257	0,00588202	0,030400372	0,079209453	0,080502587	0,086966071	0,0509514	0,088015608	0,006156138	0,03687725	0,058941278	0,026239348	0,096930603
63	0,030266257	0,080591692	0,039363388	0,0259464	0,099483201	0,001657247	0,047940088	0,027145332	0,00533961	0,046557763	0,050983385	0,004635766	0,002865438
64	0,030266257	0,060165001	0,081848602	0,007321459	0,021510656	0,059032479	0,021324823	0,004110704	0,005225782	0,032561776	0,074027925	0,031700636	0,05827893
65	0,030266257	0,082036427	0,071027054	0,022662775	0,067824223	0,016057274	0,025948742	0,005800513	0,080195951	0,047633936	0,028242759	0,038194054	0,016799383
66	0,030266257	0,008685758	0,047254162	0,077874481	0,019297349	0,053034969	0,044227919	0,034373597	0,001250631	0,097815954	0,063006213	0,096420569	0,010366181
67	0,030266257	0,002239861	0,098998355	0,030393792	0,027753486	0,034875374	0,071394258	0,014238261	0,020995141	0,049484773	0,092597519	0,021313833	0,071348249
68	0,030266257	0,085970532	0,008573866	0,055139178	0,069007388	0,035365606	0,008549723	0,008929544	0,070675615	0,060816928	0,079829453	0,012378114	0,080855244
69	0,030266257	0,099490749	0,072760376	0,060362668	0,01495421	0,017402406	0,00271603	0,005421604	0,079366749	0,025582327	0,088879594	0,026943968	0,022465764
70	0	0,062496615	0,003949561	0,095728557	0,088509439	0,08407763	0,079421463	0,037860818	0,01246355	0,003914219	0,035675136	0,079014552	0,035333433
71	0,258819045	0,021076312	0,061466884	0,044193457	0,006924148	0,008939731	0,014256645	0,086272392	0,048351261	0,038504103	0,061767467	0,024282391	0,016377246
72	0,5	0,089450606	0,069807595	0,003703976	0,040604194	0,066948325	0,059424682	0,021247239	0,079519542	0,007482437	0,026455473	0,020864124	0,01284664
73	0,707106781	0,053890314	6,12E-05	0,005218837	0,094043917	0,046000659	0,007958051	0,048174485	0,001002085	0,080615514	0,062588184	0,072183426	0,075029918
74	0,866025404	0,061125679	0,014364073	0,087498027	0,010764281	0,079240057	0,049519441	0,003006817	0,05666142	0,09366883	0,009170371	0,059856796	0,092395737
75	0,965925826	0,005942959	0,043130745	0,010048381	0,03507141	0,076471173	0,06545121	0,089509025	0,036763529	0,036975674	0,070937509	0,07833501	0,035474072
76	1	0,01274337	0,005674075	0,016384471	0,085734897	0,073864633	0,004273747	0,073206525	0,070598559	0,029913228	0,062696852	0,095469427	0,049849332
77	0,965925826	0,077984829	0,025325812	0,09716284	0,076612936	0,022963228	0,037232485	0,006231961	0,054301775	0,068828852	0,033416933	0,053333177	0,023865252
78	0,866025404	0,045731415	0,054443645	0,071342808	0,071183847	0,017743096	0,026561081	0,02103053	0,025287783	0,000960196	0,064707863	0,00595034	0,063579474
79	0,707106781	0,023298345	0,026263458	0,054895639	0,095638845	0,098687505	0,031955883	0,007540206	0,05125254	0,017898026	0,074431056	0,088069504	0,033765801
80	0,5	0,016814041	0,016299754	0,000452983	0,04402503	0,028809955	0,090091539	0,020576321	0,090848484	0,055109391	0,080360464	0,017077792	0,066150815
81	0,258819045	0,082360431	0,050981316	0,050848462	0,017243072	0,068143299	0,013904838	0,086975728	0,017214871	0,078106518	0,09217655	0,002375082	0,06067537
82	-0,2	0,028970825	0,06670043	0,076515433	0,015896864	0,070798767	0,01883224	0,02635822	0,061188589	0,077178935	0,017963195	0,034858351	0,052556344
83	-0,647047613	0,064270472	0,061444852	0,079041872	0,055304181	0,004255235	0,079734308	0,08609892	0,017808001	0,095399748	0,012850581	0,042512699	0,091686345
84	-1,25	0,026267435	0,062745683	0,032509595	0,009263413	0,039885374	0,010433178	0,01698732	0,015359738	0,00702458	0,080944985	0,01865796	0,010604571
85	-1,767766953	0,021171833	0,030226741	0,057754409	0,069628648	0,089395471	0,015525478	0,080544865	0,067756898	0,087417728	0,019863517	0,079850954	0,012312487
86	-2,165063509	0,094887458	0,059998717	0,098344206	0,065706845	0,042578561	0,089689822	0,049325645	0,042599894	0,045992394	0,038751836	0,024485227	0,070882975
87	-2,414814566	0,073821714	0,035377508	0,07983616	0,007391075	0,072719154	0,019130427	0,046829096	0,025584168	0,003533468	0,033132655	0,090644139	0,06627315
88	-2,5	0,028896533	0,025731953	0,006599318	0,013168935	0,04079672	0,054214624	0,009413999	0,08183562	0,084518417	0,028443209	0,019715828	0,064267175
89	-2,414814566	0,097557153	0,083275467	0,027717471	0,082292734	0,000409522	0,037642327	0,029998841	0,050832915	0,056340148	0,040520847	0,069240531	0,002027994
90	-2,165063509	0	0,035882482	0,032621994	0,078541002	0,044843378	0,043834997	0,087144447	0,020092333	0,028451688	0,005959921	0,055098172	0,032197497
91	-1,767766953	0,258819045	0,061035543	0,077392079	0,063510254	0,094989429	0,030919894	0,009310229	0,007547673	0,066426181	0,023045954	0,079062375	0,061923145
92	-1,25	0,5	0,021950164	0,085681525	0,004441411	0,073496627	0,057622958	0,004316934	0,081033703	0,096790356	0,039460877	0,000204859	0,026577321
93	-0,647047613	0,707106781	0,054554613	0,064180157	0,083295592	0,035425514	0,062494995	0,062781937	0,084911619	0,067014744	0,066113289	0,019451216	0,020884869
94	-0,2	0,866025404	0,090140495	0,097525783	0,044464251	0,015617462	0,085546439	0,062307679	0,045601428	0,011315517	0,092449059	0,053679549	0,036370338
95	0,258819045	0,965925826	0,062303016	0,046531046	0,058766219	0,010945063	0,090006765	0,093464825	0,099353779	0,082994901	0,069291645	0,098037303	0,081701382
96	0,5	1	0,095919909	0,059969462	0,095051799	0,055500362	0,093441366	0,070946323	0,061024319	0,03435401	0,065767771	0,058736338	0,058819007
97	0,707106781	0,965925826	0,085867046	0,036590212	0,036980542	0,086346335	0,068788289	0,086707133	0,066497736	0,047931676	0,063051832	0,061209794	0,077669296
98	0,866025404	0,866025404	0,004509508	0,060631058	0,037732032	0,020156318	0,012338083	0,07696974	0,092434109	0,04389188	0,077857189	0,097176527	0,065968913
99	0,965925826	0,707106781	0,09265573	0,058691163	0,067984154	0,059502419	0,097162452	0,036265289	0,056584362	0,038216669	0,08659496	0,071276608	0,084995722
100	1	0,5	0,051530695	0,067938349	0,056724275	0,056793077	0,056470499	0,011319229	0,038376024	0,045950459	0,01515351	0,00735117	0,021787439
101	0,965925826	0,258819045	0,04832847	0,036580784	0,043170808	0,064937313	0,051565823	0,003921055	0,025152364	0,070505763	0,001092908	0,078914529	0,022962687
102	0,866025404	-0,2	0,068047096	0,079465741	0,019194402	0,094827596	0,025688132	0,001107932	0,057631778	0,054270166	0,07121172	0,086899514	0,005378373
103	0,707106781	-0,647047613	0,052512051	0,040492249	0,089685583	0,059472025	0,080734989	0,086809098	0,049268912	0,035170992	0,066985676	0,024537562	0,002531713
104	0,5	-1,25	0,02715515	0,028439951	0,065344676	0,064072507	0,05368863	0,094447784	0,041118652	0,000364344	0,060113249	0,030164611	0,021921303
105	0,258819045	-1,767766953	0,050494994	0,088453809	0,009419189	0,020595875	0,060897993	0,087616454	0,088313851	0,063357492	0,037760106	0,090027444	0,080686453
106	3,68E-16	-2,165063509	0,037304532	0,047995799	0,031000327	0,091112887	0,019508618	0,021917907	0,008883248	0,039016246	0,00521331	0,062948944	0,054178762
107	0,085838004	-2,414814566	0,03671277	0,075462233	0,082553799	0,022735366	0,041137194	0,066894236	0,01975258	0,038143376	0,054114822	0,0367574	0,023884235
108	0,057488347	-2,5	0,006177303	0,089287964	0,014756888	0,031745331	0,083157412	0,07470257	0,002646498	0,098218386	0,070514156	0,070380777	0,064623437
109	0,094477387	-2,414814566	0,02900811	0,066552876	0,077059601	0,060755178	0,025822981	0,068584965	0,028405122	0,093331538	0,085681994	0,015614304	0,066910381
110	0,088931483	-2,165063509	0	0,025305817	0,017709833	0,091210787	0,014989223	0,001311055	0,067054344	0,039377825	0,024442873	0,080971438	0,087532603
111	0,058985819	-1,767766953	0,258819045	0,048010583	0,037554349	0,002515182	0,086882558	0,04356944	0,014038911	0,050341032	0,055182293	0,023000424	0,075419416
112	0,062532096	-1,25	0,5	0,088812142	0,066770615	0,029407702	0,006089942	0,035940266	0,028919345	0,019461909	0,049764625	0,098655674	0,08909081
113	0,0987906	-0,647047613	0,707106781	0,013598476	0,017095873	0,080590864	0,00509584	0,047803092	0,079290678	0,012474838	0,016744145	0,000647727	0,087583125
114	0,052920143	-0,2	0,866025404	0,075775789	0,075845956	0,039537536	0,075343952	0,028211174	0,086233228	0,014452751	0,035108881	0,023767363	0,075352527
115	0,096323305	0,258819045	0,965925826	0,07760736	0,017050754	0,003214542	0,04804742	0,066403844	0,059310081	0,023558386	0,044720159	0,054059056	0,080546406
116	0,045127362	0,5	1	0,089033394	0,058520162	0,054287941	0,022013812	0,043710687	0,062766051	0,067271744	0,073054162	0,058437236	0,089664688
117	0,064901773	0,707106781	0,965925826	0,084343488	0,02048691	0,067661791	0,003118722	0,015103717	0,022893483	0,035724721	0,086729108	0,022123508	0,045674438
118	0,091749835	0,866025404	0,866025404	0,018467005	0,016295683	0,098230901	0,008091777	0,090309	0,038524935	0,090255517	0,083723276	0,036546285	0,080556993
119	0,035962413	0,965925826	0,707106781	0,070118006	0,060640187	0,018364218	0,096442683	0,016401597	0,003446821	0,055648805	0,081390408	0,022582184	0,023067517
120	0,088656572	1	0,5	0,0099449	0,05250097	0,022935879	0,019437211	0,038453019	0,069010031	0,089821003	0,022058915	0,016593309	0,037271779
121	0,019616125	0,965925826	0,258819045	0,045407167	0,088498878	0,018422282	0,068298313	0,086864416	0,088414432	0,059200008	0,059242366	0,088757498	0,099270216
122	0,050734779	0,866025404	-0,2	0,065436025	0,01940083	0,069762348	0,073606751	0,030455887	0,016367075	0,051610577	0,068013009	0,018489386	0,034641802
123	0,041259323	0,707106781	-0,647047613	0,095358148	0,041310856	0,01145055	0,070612733	0,080857296	0,014812608	0,015733523	0,03206255	0,03731213	0,024840119
124	0,055737376	0,5	-1,25	0,050896352	0,026112875	0,074413729	0,069484784	0,053818763	0,020965839	0,058253344	0,015253261	0,012771108	0,046940161
125	0,018605499	0,258819045	-1,767766953	0,032147196	0,038209929	0,017619167	0,032603894	0,039597549	0,021936835	0,05287392	0,045210776	0,055046907	0,077586903
126	0,019229688	3,68E-16	-2,165063509	0,014433395	0,066469563	0,0283667	0,059662338	0,092725457	0,038965802	0,009445033	0,048194958	0,006665567	0,011063692
127	0,04514264	0,067335243	-2,414814566	0,091223153	0,089683297	0,061650934	0,004402172	0,057329053	0,035202356	0,002776241	0,007731743	0,019840755	0,006680461
128	0,075611756	0,090999008	-2,5	0,027378098	0,022591455	0,008082012	0,042425766	0,079753633	0,014766057	0,031162697	0,012939435	0,028146508	0,005095338
129	0,089509392	0,067249761	-2,414814566	0,053745392	0,029341645	0,001569497	0,051574742	0,079439187	0,088122814	0,03940747	0,023536117	0,021745513	0,083677232
130	0,036268224	0,031476013	-2,165063509	0	0,087977032	0,085132794	0,037422973	0,065053875	0,07764836	0,069599189	0,007669541	0,01218042	0,060458357
131	0,079468655	0,094872536	-1,767766953	0,258819045	0,04128555	0,01098983	0,053640066	0,048666497	0,017250644	0,095027566	0,078782436	0,083327045	0,090043811
132	0,078482699	0,018822186	-1,25	0,5	0,063068286	0,067319767	0,078787924	0,004684793	0,068984559	0,044880951	0,099071591	0,052705189	0,010650433
133	0,008638347	0,065443532	-0,647047613	0,707106781	0,011074969	0,010299093	0,08977592	0,054094489	0,028258863	0,013272584	0,070532288	0,072393451	0,008522984
134	0,011648197	0,005744997	-0,2	0,866025404	0,077074302	0,051594914	0,084193642	0,011587489	0,091621325	0,09965041	0,091127449	0,095430415	0,018808809
135	0,065669567	0,012062701	0,258819045	0,965925826	0,015074501	0,031691574	0,006061504	0,017062387	0,085631135	0,057943715	0,016707672	0,099886456	0,021500854
136	0,011395854	0,05660079	0,5	1	0,037364273	0,01507214	0,004465147	0,018380634	0,054090512	0,038415951	0,020759158	0,017075058	0,027006969
137	0,041909964	0,042071163	0,707106781	0,965925826	0,060792323	0,083301802	0,091537349	0,071015754	0,017229415	0,061719672	0,056490781	0,049517509	0,017156367
138	0,033562815	0,054050335	0,866025404	0,866025404	0,0139367	0,098696046	0,022327869	0,020190973	0,09875958	0,068423806	0,094534872	0,060924974	0,006778832
139	0,019204419	0,042598433	0,965925826	0,707106781	0,075845551	0,061824854	0,091904416	0,042869897	0,051097287	0,09010355	0,009593831	0,026537724	0,021586513
140	0,089747768	0,071841324	1	0,5	0	0,09698158	0,001489392	0,082980082	0,084815904	0,013586664	0,042302288	0,03408095	0,030859466
141	0,043855164	0,000819197	0,965925826	0,258819045	0,258819045	0,071766543	0,095663555	0,008347788	0,005984895	0,003951892	0,023449991	0,089262157	0,00286504
142	0,012187838	0,095468369	0,866025404	-0,2	0,5	0,051615434	0,086362226	0,071639282	0,03474799	0,070331367	0,06360916	0,04229997	0,070977557
143	0,047336204	0,085973153	0,707106781	-0,647047613	0,707106781	0,039991626	0,067673316	0,023243911	0,015345619	0,046967609	0,027968919	0,026988552	0,084244543
144	0,085750617	0,033138314	0,5	-1,25	0,866025404	0,037267218	0,059485661	0,058853797	0,00999611	0,019419676	0,073658558	0,005528569	0,072500575
145	0,056752544	0,015570057	0,258819045	-1,767766953	0,965925826	0,063814079	0,080033604	0,071526787	0,012983088	0,030606932	0,001746991	0,076907646	0,095614889
146	0,000704472	0,017503098	3,68E-16	-2,165063509	1	0,062421548	0,061744064	0,013497694	0,034237943	0,079423989	0,069964019	0,066803414	0,041186399
147	0,033979957	0,014321505	0,026702262	-2,414814566	0,965925826	0,002382928	0,089492399	0,064399641	0,073654997	0,043307097	0,031580932	0,015946927	0,08231968
148	0,059205227	0,021773749	0,015509254	-2,5	0,866025404	0,084827804	0,042932788	0,039489226	0,063627184	0,068802335	0,046528868	0,080438222	0,092267133
149	0,092540192	0,075228285	0,098620655	-2,414814566	0,707106781	0,008259983	0,042142217	0,061131764	0,004810651	0,090203166	0,082173962	0,058386762	0,093319733
150	0,025843695	0,082977358	0,065265212	-2,165063509	0,5	0	0,070577909	0,044038815	0,067243331	0,017900911	0,077337257	0,056698564	0,074198207
151	0,04112506	0,074213459	0,00405709	-1,767766953	0,258819045	0,258819045	0,037168149	0,097504465	0,044328677	0,088944247	0,002431663	0,058655823	0,01977017
152	0,038992048	0,056281789	0,090536617	-1,25	-0,2	0,5	0,055633509	0,017051949	0,013099336	0,00154233	0,097217979	0,04902759	0,044155337
153	0,012584136	0,018308038	0,004353512	-0,647047613	-0,647047613	0,707106781	0,093180303	0,026427765	0,092381991	0,07067071	0,083782552	0,096323286	0,071914247
154	0,068702191	0,030990959	0,077181754	-0,2	-1,25	0,866025404	0,07874981	0,023413626	0,041682049	0,062912061	0,011175375	0,018984021	0,033434417
155	0,066960174	0,0818112	0,034535901	0,258819045	-1,767766953	0,965925826	0,091167546	0,077097465	0,060139597	0,047262651	0,030435075	0,05209964	0,035746042
156	0,094380098	0,039908707	0,007261397	0,5	-2,165063509	1	0,071635281	0,097937811	0,072148732	0,058039302	0,002892498	0,098796625	0,017957052
157	0,023242449	0,095451204	0,00526343	0,707106781	-2,414814566	0,965925826	0,078778106	0,043184979	0,016005527	0,002480903	0,03067128	0,008299682	0,035750598
158	0,091079658	0,037999287	0,046086885	0,866025404	-2,5	0,866025404	0,059922587	0,003766447	0,081139718	0,03918512	0,013578481	0,005213525	0,052406297
159	0,02429744	0,070736761	0,002957491	0,965925826	-2,414814566	0,707106781	0,045429161	0,061359173	0,080422124	0,069419502	0,069946602	0,070178871	0,011318565
160	0,034986451	0,013506481	0,072945042	1	-2,165063509	0,5	0	0,06075099	0,056587927	0,049585125	0,030637389	0,089519598	0,070758274
161	0,035814502	0,018074742	0,022650483	0,965925826	-1,767766953	0,258819045	0,258819045	0,071507951	0,083982678	0,012728043	0,041012747	0,075694594	0,090834323
162	0,070122634	0,019034045	0,054106791	0,866025404	-1,25	-0,2	0,5	0,018175445	0,061630447	0,053834566	0,067313528	0,088928089	0,073415213
163	0,084444294	0,020525576	0,079028757	0,707106781	-0,647047613	-0,647047613	0,707106781	0,093597528	0,080336039	0,013465064	0,031283703	0,062842235	0,018032862
164	0,020977975	0,006041721	0,027840861	0,5	-0,2	-1,25	0,866025404	0	0,027837805	0,010733418	0,093754252	0,046706853	0,029979035
165	0,031478038	0,093818059	0,092354729	0,258819045	0,258819045	-1,767766953	0,965925826	0,258819045	0,048812073	0,020694804	0,043449786	0,064588163	0,078030388
166	0,092309969	0,099446886	0,0778428	3,68E-16	0,5	-2,165063509	1	0,5	0,095453	0,075608146	0,013983957	0,072514469	0,014107256
167	0,024070098	0,007786848	0,095126352	0,066329055	0,707106781	-2,414814566	0,965925826	0,707106781	0,025013666	0,048647748	0,004279159	0,076151197	0,077740492
168	0,042214526	0,090692482	0,080876551	0,018862898	0,866025404	-2,5	0,866025404	0,866025404	0	0,078584102	0,051729785	0,083856123	0,058980757
169	0,093966828	0,094372654	0,004285384	0,068527601	0,965925826	-2,414814566	0,707106781	0,965925826	0,258819045	0,085845147	0,037782032	0,054706616	0,066958017
170	0,034647784	0,069556268	0,081517721	0,092130901	1	-2,165063509	0,5	1	0,5	0,005006723	0,089795895	0,031112398	0,096236165
171	0,076934375	0,024284429	0,046089639	0,059992711	0,965925826	-1,767766953	0,258819045	0,965925826	0,707106781	0,072545675	0,066447785	0,066843609	0,010027017
172	0,094433851	0,084370887	0,091523561	0,082902071	0,866025404	-1,25	-0,2	0,866025404	0,866025404	0	0,08150444	0,001121636	0,017527742
173	0,054214078	0,092545823	0,097203004	0,01663655	0,707106781	-0,647047613	-0,647047613	0,707106781	0,965925826	0,258819045	0,086703183	0,095124114	0,00371262
174	0,063956375	0,031262187	0,089852561	0,012759114	0,5	-0,2	-1,25	0,5	1	0,5	0	0,092235374	0,064616005
175	0,008779359	0,00920413	0,089606045	0,000299715	0,258819045	0,258819045	-1,767766953	0,258819045	0,965925826	0,707106781	0,258819045	0,059153857	0,08352274
176	0,040220551	0,019696194	0,073666915	0,026240271	3,68E-16	0,5	-2,165063509	-0,2	0,866025404	0,866025404	0,5	0	0,045485811
177	0,019992306	0,038540043	0,06822199	0,065656226	0,099491035	0,707106781	-2,414814566	-0,647047613	0,707106781	0,965925826	0,707106781	0,258819045	0,030150846
178	0,081287481	0,080352256	0,020271606	0,026731206	0,096373004	0,866025404	-2,5	-1,25	0,5	1	0,866025404	0,5	0
179	0,027032951	0,024845071	0,044210447	0,040519696	0,063095377	0,965925826	-2,414814566	-1,767766953	0,258819045	0,965925826	0,965925826	0,707106781	0,258819045
180	0,096280601	0,098035812	0,083380701	0,067894308	0,055410371	1	-2,165063509	-2,165063509	-0,2	0,866025404	1	0,866025404	0,5
181	0,091696086	0,010949746	0,003876049	0,09739811	0,066132436	0,965925826	-1,767766953	-2,414814566	-0,647047613	0,707106781	0,965925826	0,965925826	0,707106781
182	0,005360954	0,0708903	0,017042709	0,073371006	0,091226496	0,866025404	-1,25	-2,5	-1,25	0,5	0,866025404	1	0,866025404
183	0,02294787	0,088187836	0,078325732	0,035896177	0,040032682	0,707106781	-0,647047613	-2,414814566	-1,767766953	0,258819045	0,707106781	0,965925826	0,965925826
184	0,064345036	0,089827073	0,007090049	0,084312071	0,093989407	0,5	-0,2	-2,165063509	-2,165063509	-0,2	0,5	0,866025404	1
185	0,027211384	0,023527495	0,064302945	0,097116726	0,030328837	0,258819045	0,258819045	-1,767766953	-2,414814566	-0,647047613	0,258819045	0,707106781	0,965925826
186	0,079333493	0,061819768	0,096479296	0,066399419	0,069226178	3,68E-16	0,5	-1,25	-2,5	-1,25	-0,2	0,5	0,866025404
187	0,045027124	0,024641055	0,049438245	0,065760182	0,078788997	0,013137622	0,707106781	-0,647047613	-2,414814566	-1,767766953	-0,647047613	0,258819045	0,707106781
188	0,096689061	0,063214399	0,055247326	0,057064174	0,099316979	0,077807587	0,866025404	-0,2	-2,165063509	-2,165063509	-1,25	-0,2	0,5
189	0,069069417	0,001971485	0,094629206	0,05194944	0,058580162	0,099300257	0,965925826	0,258819045	-1,767766953	-2,414814566	-1,767766953	-0,647047613	0,258819045
190	0,036273681	0,04586146	0,031833055	0,020572673	0,043151239	0,098305538	1	0,5	-1,25	-2,5	-2,165063509	-1,25	-0,2
191	0,069679552	0,030707158	0,046190091	0,067566342	0,079430218	0,071618066	0,965925826	0,707106781	-0,647047613	-2,414814566	-2,414814566	-1,767766953	-0,647047613
192	0,024775726	0,041296794	0,012859926	0,037685424	0,012073069	0,058633746	0,866025404	0,866025404	-0,2	-2,165063509	-2,5	-2,165063509	-1,25
193	0,059729777	0,098501205	0,050417806	0,012579938	0,093460384	0,00289291	0,707106781	0,965925826	0,258819045	-1,767766953	-2,414814566	-2,414814566	-1,767766953
194	0,012571222	0,039484377	0,097028978	0,045910235	0,020839704	0,001119783	0,5	1	0,5	-1,25	-2,165063509	-2,5	-2,165063509
195	0,07900856	0,084923157	0,055940164	0,097578609	0,013228688	0,084735939	0,258819045	0,965925826	0,707106781	-0,647047613	-1,767766953	-2,414814566	-2,414814566
196	0,010779092	0,056708827	0,071174275	0,011084221	0,049757436	0,003412959	3,68E-16	0,866025404	0,866025404	-0,2	-1,25	-2,165063509	-2,5
197	0,049645741	0,095748551	0,087873975	0,055573957	0,062030407	0,090219219	0,016468074	0,707106781	0,965925826	0,258819045	-0,647047613	-1,767766953	-2,414814566
198	0,0818697	0,014412923	0,078194934	0,044029112	0,059849494	0,090844357	0,068710141	0,5	1	0,5	-0,2	-1,25	-2,165063509
199	0,088471329	0,019632983	0,015041383	0,043377122	0,03374019	0,015584745	0,083408618	0,258819045	0,965925826	0,707106781	0,258819045	-0,647047613	-1,767766953
200	0,018509512	0,012426236	0,05752633	0,093616112	0,012365738	0,077021491	0,032556411	3,68E-16	0,866025404	0,866025404	0,5	-0,2	-1,25
201	0,051134706	0,000955936	0,061365612	0,047591881	0,042235255	0,09753179	0,077952262	0,037708036	0,707106781	0,965925826	0,707106781	0,258819045	-0,647047613
202	0,02404617	0,045990623	0,058469598	0,017362083	0,014143652	0,009614268	0,082899579	0,075643884	0,5	1	0,866025404	0,5	-0,2
203	0,0350781	0,019035147	0,035821052	0,006834362	0,062599764	0,092559488	0,03510662	0,00504282	0,258819045	0,965925826	0,965925826	0,707106781	0,258819045
204	0,092296399	0,049016872	0,046894116	9,10E-05	0,072910022	0,025920022	0,042700811	0,098491513	3,68E-16	0,866025404	1	0,866025404	0,5
205	0,090189087	0,037458592	0,012367209	0,036684351	0,014322223	0,034130299	0,020641103	0,092689818	0,036851011	0,707106781	0,965925826	0,965925826	0,707106781
206	0,049817056	0,023807767	0,049457885	0,045185574	0,079825834	0,032215662	0,002362988	0,041851464	0,038299905	0,5	0,866025404	1	0,866025404
207	0,039972099	0,048606356	0,017593983	0,029303872	0,006599817	0,059243329	0,056483611	0,046955333	0,045067863	0,258819045	0,707106781	0,965925826	0,965925826
208	0,084810487	0,041652399	0,079123501	0,035073937	0,08424968	0,049450412	0,037658643	0,018720268	0,021245861	3,68E-16	0,5	0,866025404	1
209	0,001430337	0,049493449	0,0014204	0,015887703	0,081835094	0,093995034	0,027906081	0,063654336	0,053675777	0,034586172	0,258819045	0,707106781	0,965925826
210	0,080880272	0,018608817	0,09806098	0,01442262	0,062976218	0,09855092	0,040515895	0,0780599	0,027751976	0,018751456	3,68E-16	0,5	0,866025404
211	0,058734703	0,076058743	0,002115538	0,075068238	0,055908829	0,046195743	0,044070155	0,086879769	0,073931642	0,063913546	0,024890307	0,258819045	0,707106781
212	0,027469349	0,011667457	0,018851659	0,052599514	0,022954997	0,0749901	0,04785648	0,035877226	0,034540194	0,011203071	0,059135067	3,68E-16	0,5
213	0,037857306	0,027510977	0,036701822	0,092338146	0,095513451	0,07192239	0,068876159	0,055626227	0,041764646	0,066936469	0,035344253	0,037060602	0,258819045
214	0,052330452	0,010470836	0,046389589	0,047691623	0,009253539	0,086193986	0,02370216	0,053296433	0,045654792	0,045437792	0,07345893	0,099883787	3,68E-16
215	0,091268891	0,052265704	0,0409504	0,090168102	0,015299774	0,07306354	0,094536805	0,088690411	0,06868351	0,045441491	0,024383564	0,058507118	0,011884798
216	0,089051561	0,098430381	0,090108713	0,084408209	0,071932434	0,00414527	0,044530147	0,007524955	0,015108964	0,06793474	0,060077014	0,0843255	0,033115715
217	0,049621917	0,061703954	0,020707106	0,086052524	0,050225463	0,005050198	0,013947067	0,066052711	0,061579504	0,099809682	0,027428223	0,064142662	0,000421188
218	0,09857827	0,048252547	0,028075446	0,025050521	0,068931986	0,015852795	0,047583765	0,084266919	0,038707241	0,055587465	0,087161398	0,026900427	0,085328323
219	0,009258884	0,069609264	0,037768652	0,063392264	0,037373479	0,024308726	0,081149772	0,047815473	0,062436207	0,035113166	0,093376873	0,032408374	0,077577582
220	0,055058015	0,064917863	0,069279988	0,082916644	0,089009031	0,068022521	0,080633669	0,091891759	0,060612928	0,041282002	0,090108057	0,030044219	0,027183128
221	0,073332946	0,099387801	0,065549461	0,004417988	0,004201548	0,098881947	0,008846445	0,087867092	0,09161644	0,079649168	0,065054459	0,035690388	0,077887469
222	0,053211908	0,02354729	0,03792379	0,087810013	0,046811206	0,099820469	0,008085338	0,07227684	0,082151466	0,022243806	0,058363607	0,020320092	0,075608842
223	0,050244578	0,020543075	0,039788376	0,001594927	0,090799149	0,002738217	0,03542931	0,075723807	0,066839397	0,067419183	0,090572781	0,009500629	0,085050815
224	0,039440889	0,087199569	0,020680188	0,027327963	0,089597596	0,089963546	0,065842031	0,060406564	0,095039645	0,018997083	0,069309879	0,037068807	0,00388121
225	0,076881925	0,026542946	0,084337431	0,072962252	0,090145409	0,072122099	0,075094754	0,035413022	0,024799103	0,043244472	0,095271583	0,081442642	0,027297183
226	0,004314913	0,069744078	0,086094709	0,074278263	0,006307658	0,043302665	0,024451497	0,04565298	0,051714366	0,062914775	0,077628995	0,012060052	0,071167865
227	0,0579924	0,038957353	0,017324964	0,060539922	0,091852899	0,018964399	0,061133594	0,041024113	0,057277812	0,097207057	0,019685579	0,090855334	0,085947227
228	0,075542121	0,072232729	0,029943378	0,049742313	0,037233293	0,086358412	0,037074892	0,03673175	0,043238045	0,051714509	0,058724515	0,069329161	0,085459115
229	0,040444552	0,052891786	0,087396566	0,069405385	0,048955853	0,047918479	0,030670609	0,040267901	0,004931409	0,02375485	0,00068684	0,007290542	0,068366322
230	0,027866789	0,003044196	0,051610731	0,096091775	0,026580827	0,056631501	0,091187718	0,01496087	0,039542718	0,009772278	0,058832631	0,012569997	0,088844016
231	0,025199366	0,062429284	0,072967203	0,020803015	0,032359281	0,077870178	0,038073635	0,007614419	0,028410122	0,05314883	0,088697297	0,050906155	0,098093961
232	0,023303428	0,031819438	0,002315466	0,082882438	0,056815812	0,084927597	0,042959673	0,073897059	0,013307626	0,020351866	0,073804891	0,089457279	0,02421871
233	0,03166906	0,012277128	0,081737169	0,085473133	0,052415898	0,056225147	0,07635584	0,080988209	0,029849867	0,047364729	0,063812573	0,095720846	0,041472003
234	0,056768848	0,065490955	0,04179572	0,013287506	0,027993583	0,061234343	0,039932454	0,043418705	0,00816606	0,036491652	0,033573381	0,020352724	0,034072417
235	0,063299503	0,040419232	0,050646357	0,007343928	0,014172905	0,011659126	0,021894097	0,053145062	0,07644688	0,092987491	0,091179185	0,077559798	0,002355778
236	0,084924664	0,026959906	0,08214986	0,019228088	0,033931509	0,092749764	0,076834891	0,07280967	0,072157158	0,005043355	0,002759999	0,050256296	0,069472323
237	0,022668427	0,046697871	0,045599437	0,00566998	0,035406176	0,029639162	0,012016667	0,047605817	0,032217104	0,091229281	0,097570273	0,009739264	0,043926875
238	0,037683149	0,060982204	0,050260206	0,085081319	0,068548073	0,021737754	0,084252827	0,019781293	0,050528527	0,030373902	0,032158552	0,094792522	0,089512972
239	0,081225414	0,06027284	0,081964158	0,087584843	0,081822013	0,082976076	0,092384313	0,038377474	0,031293986	0,025447611	0,049673925	0,097458799	0,007563895
240	0,057649133	0,054324253	0,073532799	0,023142324	0,006173741	0,000513459	0,021450806	0,006593899	0,094048718	0,040894895	0,066439243	0,027114279	0,066770667
241	0,089439721	0,031335097	0,037752828	0,094295731	0,03156779	0,027152407	0,061814365	0,044954666	0,0895599	0,079737902	0,078104326	0,078419985	0,07969887
242	0,069267218	0,036686655	0,005718194	0,007877021	0,055536401	0,091792891	0,078273436	0,008247479	0,044321359	0,090665994	0,067249648	0,011395814	0,075454736
243	0,012158122	0,06412519	0,019614569	0,07797694	0,078934011	0,034610057	0,003711411	0,045738052	0,01667543	0,033393824	0,052314541	0,030489073	0,098425736
244	0,027292348	0,017630758	0,041861776	0,011904211	0,074622266	0,024391869	0,001372018	0,045942233	0,091138725	0,026608214	0,036613341	0,013828159	0,084146468
245	0,002338317	0,097435903	0,06639177	0,068195691	0,037600979	0,095421491	0,09593107	0,082749328	0,056510997	0,050573064	0,053058055	0,000129322	0,014038721
246	0,02227433	0,071239496	0,018871648	0,012820037	0,046520804	0,066071409	0,03524257	0,068952576	8,95E-05	0,045035279	0,074021214	0,072570337	0,077830169
247	0,092661725	0,091994259	0,056142972	0,004999438	0,032215474	0,078058872	0,095192462	0,095251245	0,008621113	0,072336596	0,092964913	0,00877717	0,010298958
248	0,068595863	0,067054535	0,022611945	0,036730843	0,086558988	0,075475245	0,04919594	0,069999571	0,079343646	0,086724442	0,075236726	0,068543246	0,072779753
249	0,069278353	0,092166354	0,020483051	0,066987423	0,055875021	0,023216739	0,0911449	0,035040495	0,067884523	0,096993345	0,008264348	0,016946088	0,012016444
250	0,054108608	0,054151255	0,05703063	0,028088074	0,039719712	0,078352077	0,05523339	0,075926642	0,059413397	0,016636764	0,078336519	0,022240097	0,081999476
251	0,043590293	0,034547895	0,006598583	0,030097298	0,052656863	0,077089713	0,068017328	0,04918381	0,054422652	0,031977527	0,043367318	0,019373563	0,080046521
252	0,013269132	0,008384598	0,028593026	0,097745993	0,081918299	0,008309697	0,063323825	0,010216544	0,00641792	0,041885822	0,007469738	0,074804018	0,092646891
253	0,063813772	0,099496158	0,050479706	0,062318083	0,031072839	0,098199874	0,053386521	0,098254669	0,033435596	0,092197006	0,089148741	0,058747339	0,067431649
254	0,088550521	0,026417813	0,065444203	0,064200724	0,006649731	0,00552187	0,055070823	0,030588209	0,068343461	0,006441745	0,057839905	0,02596034	0,011542244
255	0,050046215	0,079538849	0,009825379	0,009489688	0,024903917	0,091772631	0,005676332	0,04599499	0,009750149	0,024780928	0,036681867	0,057799362	0,00194857
256	0,099981276	0,046324225	0,050273815	0,08373715	0,036465832	0,006677614	0,099081138	0,098647247	0,088318323	0,051303965	0,02516935	0,046434136	0,021446561
257	0,023617797	0,029587415	0,081132098	0,005218568	0,068373356	0,093584089	0,098125422	0,029470002	0,070054833	0,056927959	0,007503262	0,040536232	0,093043128
258	0,03908648	0,001410421	0,033388755	0,097530887	0,056962213	0,034100984	0,059456105	0,046332444	0,014800928	0,041137424	0,067610827	0,041921839	0,050590873
259	0,07414548	0,023080303	0,038748592	0,058462246	0,042586975	0,046146462	0,064640043	0,073219516	0,079496391	0,087346433	0,085703145	0,072463473	0,06949628
260	0,076358408	0,058225465	0,047196389	0,067714913	0,044435808	0,0323678	0,099123316	0,055121975	0,071247912	0,090790887	0,054025345	0,038180955	0,041563256
261	0,025744255	0,031483017	0,086809253	0,012052887	0,065702826	0,062118069	0,087562186	0,056691349	0,091776959	0,097417689	0,097165072	0,023163583	0,006807882
262	0,098781769	0,067833439	0,034867911	0,036038619	0,089005547	0,064133126	0,097287026	0,001744226	0,050640102	0,065694856	0,084769043	0,049515047	0,008457113
263	0,022319373	0,088763646	0,076228328	0,087612066	0,069892988	0,031410021	0,024341933	0,040355551	0,011011959	0,022103745	0,077734392	0,054969387	0,036320975
264	0,070123238	0,045928499	0,042867765	0,019466615	0,044860192	0,009225138	0,087410246	0,092095914	0,066335823	0,017873489	0,041127907	0,096902159	0,03738691
265	0,077015242	0,031942653	0,062658461	0,01666973	0,061682939	0,022127145	0,086386886	0,050195437	0,063741785	0,019348312	0,025613059	0,032627912	0,080130859
266	0,065203983	0,046592438	0,069585354	0,085215065	0,086161494	0,010779745	0,07958057	0,024977848	0,039915309	0,087531915	0,0781077	0,028759653	0,037883565
267	0,046332396	0,033616176	0,012081543	0,014429977	0,090015012	0,08844587	0,031846839	0,091578426	0,077165076	0,030020269	0,001131883	0,038155333	0,016840562
268	0,010092761	0,022705646	0,006521941	0,011293313	0,016862781	0,000203016	0,056156112	7,89E-05	0,002601072	0,057467546	0,02796371	0,042237437	0,098308937
269	0,045556209	0,068392914	0,046966223	0,023557597	0,033206425	0,093539928	0,039309469	0,088558936	0,085013576	0,017082652	0,092743296	0,051601506	0,025908385
270	0,096613363	0,043639166	0,020042837	0,067409582	0,012492065	0,080197124	0,043133407	0,071804583	0,07915383	0,008923025	0,059220984	0,077938029	0,020869967
271	0,078826682	0,019871452	0,031763582	0,056038755	0,003358295	0,056849975	0,01444642	0,081701529	0,008702775	0,074019919	0,04002587	0,089526212	0,097652624
272	0,036736256	0,070432543	0,059568322	0,014971006	0,043238881	0,066850558	0,016462602	0,014969154	0,093230628	0,013968112	0,063993609	0,058492445	0,08229789
273	0,088819838	0,098010241	0,018352025	0,070154775	0,063888317	0,039177785	0,096634985	0,015788364	0,034739573	0,076216663	0,005285108	0,033388948	0,066734403
274	0,084101453	0,002297909	0,010222997	0,057137055	0,008191541	0,007983514	0,08463585	0,027926007	0,077411871	0,071538001	0,066878064	0,028375159	0,005437674
275	0,002946176	0,021950545	0,020611682	0,016205488	0,059372137	0,017003542	0,091706732	0,080571369	0,077753589	0,04763134	0,076006468	0,037519353	0,054329228
276	0,010675704	0,060367561	0,024055316	0,00273528	0,071713857	0,014927981	0,059304112	0,007991228	0,051223237	0,077959808	0,046540328	0,021568353	0,098058125
277	0,059021493	0,023034146	0,057474124	0,097819851	0,007985858	0,039703138	0,096612764	0,026833347	0,000791932	0,021198419	0,040050592	0,044171654	0,068002438
278	0,066773571	0,002459807	0,017267037	0,084358448	0,038909825	0,076766834	0,053889463	0,031896131	0,031448196	0,029145369	0,08028705	0,013972219	0,047643803
279	0,001517853	0,081726239	0,08849567	0,019495592	0,089699412	0,097529857	0,087902308	0,063839258	0,02358784	0,098113571	0,051483439	0,087416135	0,050062171
280	0,069658305	0,029403643	0,004296271	0,033019787	0,018740096	0,028966035	0,046759603	0,039352726	0,013445885	0,090356439	0,050723579	0,057424982	0,042821375
281	0,018819394	0,043009595	0,033702094	0,072398701	0,02639907	0,036402358	0,029992569	0,084406918	0,082134497	0,00533188	0,057862063	0,042943035	0,061758107
282	0,031763198	0,078188039	0,08738169	0,026306727	0,064595576	0,07601916	0,043514892	0,084007094	0,016259104	0,028990177	0,023155429	0,043631505	0,068691443
283	0,040359453	0,024786643	0,083189444	0,009000241	0,08549389	0,092455394	0,097046923	0,093936154	0,030103988	0,099753369	0,007630953	0,081794139	0,091922588
284	0,013845614	0,009302792	0,02868574	0,049203199	0,05411859	0,022814464	0,068505665	0,029925046	0,003180918	0,005452738	0,095535585	0,037723314	0,043142173
285	0,074323905	0,059494035	0,01672018	0,024998281	0,004015935	0,070643532	0,0385925	0,008142625	0,001562101	0,09682219	0,046559562	0,097654511	0,04565612
286	0,062528604	0,039842316	0,066620911	0,04828906	0,088943125	0,068218286	0,094755263	0,057427725	0,041029201	0,082867402	0,092451036	0,054996006	0,044005895
287	0,009606243	0,018371085	0,062142758	0,08924906	0,020823338	0,080308518	0,038625317	0,059966109	0,041216999	0,082466536	0,051384509	0,031964681	0,03975967
288	0,09937245	0,060484398	0,003043412	0,069381159	0,066312563	0,086882471	0,005068243	0,043092495	0,066118944	0,055273342	0,006221259	0,016090149	0,000604849
289	0,073738286	0,066631265	0,026615774	0,083203925	0,090237344	0,011842247	0,043611345	0,073826114	0,071856089	0,067514472	0,007182769	0,035662543	0,067762669
290	0,012428108	0,001165528	0,053014736	0,097261342	0,071232933	0,040786707	0,089227306	0,082380965	0,041708472	0,025005636	0,022694953	0,093054777	0,034108967
291	0,095571719	0,091477445	0,018185273	0,052206673	0,05883158	0,041931181	0,073946424	0,082746473	0,057671382	0,060342787	0,064944547	0,046692972	0,032410694
292	0,000610546	0,002176653	0,018534441	0,032826407	0,044252308	0,058615808	0,058878285	0,071232218	0,051743053	0,051117052	0,031538936	0,059906508	0,021706107
293	0,029461143	0,087735784	0,059017131	0,013156833	0,075746801	0,033866291	0,008753951	0,015566309	0,00849659	0,076258308	0,061475703	0,08615921	0,09454982
294	0,075611198	0,064103108	0,043689338	0,084580896	0,03518154	0,003337699	0,095957794	0,052562876	0,032142405	0,084817295	0,081606708	0,032943299	0,029452859
295	0,021630841	0,085069197	0,09991868	0,014531623	0,070670608	0,017843843	0,088488941	0,020796028	0,099585919	0,047288744	0,020338223	0,052246348	0,041764359
296	0,04577633	0,000518248	0,069094888	0,080808659	0,099379032	0,049416507	0,006217657	0,044237204	0,09070035	0,096138891	0,091444181	0,036176939	0,004745224
297	0,069557239	0,053112075	0,053023113	0,036450439	0,07798076	0,085461024	0,034025003	0,087982969	0,08375107	0,049006673	0,084666661	0,035351439	0,018070805
298	0,010679315	0,042974547	0,001899113	0,023720391	0,047382355	0,085868757	0,062730777	0,082299166	0,005129511	0,069118004	0,095258176	0,062584362	0,08988075
299	0,027612627	0,029961833	0,046983688	0,081422002	0,055737881	0,097048865	0,017785666	0,070866277	0,066878483	0,005051349	0,061003367	0,080098186	0,065396141
300	0,058267306	0,082930164	0,076085823	0,03975648	0,04748016	0,023778903	0,006536178	0,068937222	0,098951701	0,086961181	0,077933398	0,069573	0,084467933
301	0,080862615	0,073378807	0,062961677	0,079961616	0,000932697	0,029381869	0,00187554	0,058544618	0,085742513	0,045763197	0,074049434	0,061743844	0,073838299
302	0,03665372	0,05642293	0,082347754	0,009577002	0,004733846	0,019927188	0,003861427	0,095385657	0,057017195	0,055523628	0,06060072	0,055660133	0,039001399
303	0,041018515	0,055856874	0,013241472	0,002744677	0,053144015	0,095901056	0,083160689	0,017701768	0,066629592	0,050996038	0,061458155	0,001492089	0,080693308
304	0,09318285	0,030264799	0,052807975	0,084638118	0,073630982	0,054475292	0,064693561	0,09886305	0,03382251	0,066006286	0,075187647	0,072722949	0,081032948
305	0,044051336	0,0790651	0,015388193	0,089190507	0,038595522	0,069332059	0,070993408	0,043936433	0,062889483	0,049097756	0,030867388	0,073692117	0,048217002
306	0,069196815	0,013472875	0,040765861	0,039375874	0,056296275	0,058875954	0,054103758	0,074899788	0,016339997	0,050534146	0,028751444	0,005152237	0,050299581
307	0,017404302	0,099857352	0,006027883	0,004425747	0,081580423	0,037581492	0,047576427	0,078277119	0,049530498	0,036192408	0,076985983	0,006670117	0,067549443
308	0,017576893	0,094971754	0,039033225	0,063704149	0,074066372	0,021300012	0,020927391	0,049100385	0,081912233	0,088488787	0,068606461	0,084625452	0,021171854
309	0,013654536	0,013424237	0,012945032	0,080033651	0,01583807	0,046222244	0,098618711	0,013148782	0,0552805	0,058639907	0,045627122	0,051131746	0,026797978
310	0,079847774	0,090772214	0,011088715	0,012012795	0,088068362	0,089480425	0,032524325	0,00994623	0,088441199	0,009693029	0,065976591	0,007174229	0,070992889
311	0,02616054	0,011546833	0,082679	0,097409589	0,006247251	0,051059906	0,089167367	0,030247133	0,00362195	0,088154787	0,094952222	0,066081488	0,024113504
312	0,063515651	0,058947623	0,02630773	0,01862726	0,04394186	0,0796594	0,093543959	0,047203968	0,004183056	0,020601298	0,071114351	0,042129091	0,034908836
313	0,038200809	0,078210823	0,082339923	0,030698493	0,033701914	0,082841932	0,048957308	0,07779948	0,021005922	0,065135543	0,075253338	0,077100229	0,059066003
314	0,037728976	0,076266158	0,070431866	0,025475423	0,063198427	0,057305824	0,087544081	0,052293661	0,028209701	0,090595853	0,086247435	0,035047546	0,091776341
315	0,093307038	0,01233817	0,069924387	0,093088996	0,092651548	0,031321013	0,011232437	0,056529315	0,08934854	0,010970958	0,024823721	0,006323781	0,075871376
316	0,036728916	0,081106498	0,059410504	0,032549508	0,097199302	0,080018959	0,079306117	0,074287909	0,094095424	0,060944471	0,057841453	0,04167476	0,046759122
317	0,082717224	0,076038934	0,047971164	0,017052762	0,070884143	0,032735845	0,005667032	0,082117098	0,064109021	0,003338103	0,090696511	0,01341167	0,05340606
318	0,091346852	0,063744226	0,011407492	0,034005591	0,08136663	0,045530484	0,078749459	0,032412002	0,099214768	0,008908332	0,090914719	0,019377375	0,049762038
319	0,032808953	0,005395233	0,029147151	0,070085878	0,058591289	0,04555501	0,023649986	0,029349592	0,016260956	0,007379755	0,06708952	0,013309658	0,074768441
320	0,098107567	0,056369499	0,007019998	0,093565902	0,092212322	0,019180022	0,052014129	0,011647947	0,081952855	0,039421846	0,045185886	0,082403531	0,01688791
321	0,045005336	0,011123483	0,079732059	0,072110286	0,046685991	0,075015622	0,007948388	0,034590195	0,025478048	0,019238769	0,047236288	0,046093826	0,098332843
322	0,039558677	0,078088858	0,072650668	0,041574945	0,048637851	0,007302787	0,050183804	0,078811609	0,019325386	0,079000311	0,022480992	0,086491347	0,084925486
323	0,049143723	0,013428182	0,023244239	0,007110316	0,051240499	0,070137257	0,089966479	0,044845708	0,055862156	0,08828431	0,040106902	0,05473894	0,047762168
324	0,016314024	0,04928612	0,016280068	0,078897921	0,044116906	0,011175322	0,038487536	0,066098333	0,096751429	0,066548311	0,063803954	0,089005336	0,069199484
325	0,056047132	0,067893433	0,085186078	0,090727116	0,01889258	0,006716831	0,098653228	0,048483144	0,056292612	0,01611043	0,040872318	0,0821371	0,023195242
326	0,045458995	0,07412299	0,089824894	0,082939842	0,056549471	0,02708681	0,092074539	0,077918212	0,022449391	0,097994104	0,001715849	0,044439805	0,077140515
327	0,005560137	0,084978848	0,055578484	0,068337215	0,015619862	0,036361289	0,022083969	0,027185399	0,066724754	0,083753811	0,013500305	0,021176401	0,048535462
328	0,094628284	0,02743718	0,054252859	0,068515339	0,057700122	0,049578413	0,055993709	0,015198871	0,085410199	0,092859948	0,02553542	0,030070021	0,018225535
329	0,097695155	0,076937577	0,007697086	0,035277187	0,079384163	0,042098164	0,011155762	0,032202559	0,047621451	0,065772308	0,066369341	0,056620026	0,028442432
330	0,007507381	0,049878647	0,085829405	0,072132562	0,09352444	0,053231789	0,085218164	0,065732328	0,071316204	0,061958924	0,005016499	0,0270089	0,029384935
331	0,06984504	0,063567442	0,052018721	0,052004008	0,018310337	0,057490015	0,095187885	0,060690528	0,097588011	0,079690306	0,014612931	0,016499282	0,028175567
332	0,029173813	0,016925688	0,018583323	0,077724327	0,006323781	0,080088332	0,013945742	0,078513118	0,083493889	0,011821686	0,096004006	0,080475311	0,073449478
333	0,074318257	0,080556657	0,034972476	0,040299305	0,039952314	0,067231956	0,018589301	0,032917134	0,097845522	0,009965124	0,053075239	0,037369603	0,076718292
334	0,045690461	0,069861369	0,036403133	0,04340014	0,077261704	0,049787253	0,066732037	0,033936324	0,069589716	0,070194985	0,03567654	0,006835347	0,049091042
335	0,072754517	0,016397222	0,087957262	0,012722071	0,063915395	0,061525581	0,059767354	0,073086883	0,066199501	0,060836962	0,078682395	0,067362989	0,027634666
336	0,076513286	0,073234605	0,033456559	0,012792045	0,04600053	0,023906537	0,016323526	0,055128776	0,052542723	0,000387606	0,053206782	0,040472425	0,051345139
337	0,039314452	0,056736918	0,099532625	0,002720315	0,017933014	0,069239426	0,079283136	0,031754087	0,084595834	0,063107249	0,050993117	0,062761125	0,062813153
338	0,032500305	0,048245895	0,052207295	0,063604829	0,079070837	0,062367585	0,063277347	0,069489016	0,03524581	0,085113891	0,016513392	0,00850583	0,084179572
339	0,027738101	0,051067792	0,085757768	0,067034098	0,062118067	0,054121677	0,013529773	0,073266031	0,008975359	0,024450895	0,093602478	0,07747954	0,041368802
340	0,076544521	0,007897605	0,026440089	0,022583275	0,009363394	0,023927217	0,075314245	0,09433271	0,011766119	0,051177732	0,040066335	0,045068341	0,08144799
341	0,088743013	0,026742132	0,043440605	0,085263674	0,003196135	0,093883204	0,075448415	0,042777952	0,031103254	0,043007542	0,033776193	0,075837662	0,021387289
342	0,028534641	0,088260578	0,022276056	0,0128155	0,037393268	0,003853077	0,088675531	0,027255195	0,094431776	0,005580024	0,001615773	0,052874483	0,078250513
343	0,002617528	0,092919878	0,084685898	0,028628653	0,042398942	0,042384091	0,012590062	0,048179824	0,030997803	0,090159811	0,072188346	0,020164456	0,080157999
344	0,021910349	0,075976279	0,042359072	0,081482587	0,018638722	0,022536565	0,074068759	0,078654204	0,095701887	0,04795167	0,038468178	0,052917004	0,00110863
345	0,028389322	0,025772458	0,027192247	0,075153651	0,088855245	0,059205365	0,056423018	0,070470509	0,015207028	0,034970371	0,029931278	0,096574088	0,021047771
346	0,056516486	0,073369183	0,047842918	0,010910453	0,008943332	0,07325975	0,077566611	0,078650354	0,044918833	0,025112784	0,027047882	0,040060329	0,013582066
347	0,065041214	0,045821487	0,01739674	0,05205847	0,053695486	0,063867708	0,004956517	0,075281789	0,067139658	0,009096354	0,061840704	0,000837212	0,092584117
348	0,032292455	0,048665338	0,082265235	0,012268573	0,038172896	0,061662228	0,068787057	0,079942321	0,030306947	0,038826209	0,067066491	0,029038993	0,007649163
349	0,065720845	0,047541491	0,012909459	0,026173661	0,014049751	0,025212728	0,050620401	0,099888496	0,052413404	0,094537646	0,089456384	0,069108269	0,058239606
350	0,037579256	0,007519046	0,08945939	0,054067182	0,060278661	0,084367517	0,087715494	0,070313297	0,051702215	0,010517115	0,08794847	0,087334841	0,05183214
351	0,095292538	0,032029485	0,052145691	0,086447994	0,070681212	0,038833747	0,029053974	0,085914855	0,084421581	0,03365205	0,040272686	0,055175086	0,090765094
352	0,040815907	0,086026986	0,075640558	0,025199416	0,087538401	0,052206363	0,016389741	0,050570758	0,049939216	0,0064107	0,067324792	0,098765964	0,042970073
353	0,074146875	0,017926196	0,000751889	0,027729839	0,062614273	0,012597074	0,066289154	0,038013634	0,0963001	0,063673562	0,017355277	0,09075063	0,031268847
354	0,043921121	0,061572263	0,066659871	0,007549962	0,022299324	0,019918671	0,016430368	0,02169425	0,084135248	0,072479859	0,063878978	0,063380224	0,067115925
355	0,056840372	0,058022567	0,066998691	0,071325344	0,017920228	0,080092608	0,079582732	0,042568916	0,077424739	0,067642137	0,01372137	0,0828984	0,007155969
356	0,008034575	0,090999581	0,001881042	0,066165374	0,065755354	0,089516071	0,016107715	0,043309571	0,083335933	0,02328448	0,018945139	0,021661947	0,025652485
357	0,087896886	0,056549552	0,070185903	0,059949583	0,040855029	0,077413786	0,033387724	0,065111403	0,08518526	0,056013972	0,092149073	0,095913239	0,025839843
358	0,063886017	0,021671994	0,06383836	0,010072263	0,063386861	0,000320596	0,06050722	0,056010201	0,07032778	0,022837862	0,032373034	0,079416632	0,04611866
359	0,066217669	0,055436259	0,027418397	0,075765155	0,031903969	0,025055556	0,034055696	0,011644976	0,076734798	0,037523275	0,046674633	0,049410415	0,070865501
360	0,03385552	0,031604375	0,081242679	0,072463988	0,022070354	0,074459129	0,03168831	0,020438876	0,033778172	0,049133546	0,052026332	0,090640781	0,047530858
361	0,090602195	0,027797003	0,023314208	0,09387007	0,007957082	0,086857812	0,009935401	0,006502575	0,002645593	0,014911203	0,088652339	0,008935547	0,009307458
362	0,055364406	0,085565355	0,046840086	0,036855528	0,038106993	0,09641733	0,044756025	0,085435628	0,007325601	0,018013339	0,085193817	0,067096263	0,098643405
363	0,019863168	0,075531862	0,075679927	0,075635708	0,087078282	0,030724406	0,080267954	0,051989038	0,03685453	0,086138182	0,019368078	0,016634883	0,083154944
364	0,0123864	0,005319767	0,029195867	0,07864482	0,006067933	0,021573009	0,057270401	0,075610836	0,018979232	0,011729198	0,061285535	0,027826191	0,030724624
365	0,020453134	0,091835852	0,008903542	0,040457534	0,064063088	0,069395591	0,028071027	0,073229235	0,062147599	0,031361234	0,059985286	0,045528454	0,009550701
366	0,034855913	0,022267154	0,005051097	0,024376429	0,07979562	0,062054377	0,070567488	0,02575013	0,028561882	0,070734181	0,042308227	0,090056481	0,04382272
367	0,017968588	0,043329076	0,057134639	0,013989852	0,008832593	0,07879067	0,050574932	0,021004311	0,019449808	0,010783567	0,007637356	0,034349282	0,08368037
368	0,019295715	0,049948364	0,034183332	0,037049021	0,080033533	0,008360751	0,009234457	0,040798659	0,091337119	0,084101222	0,011748637	0,066510092	0,027844461
369	0,068040721	0,033024833	0,044618285	0,072082447	0,078656686	0,051482492	0,043671444	0,040917117	0,062325659	0,092458415	0,057540526	0,085355035	0,09222947
370	0,064693157	0,049808528	0,006555485	0,089140509	0,061578264	0,081628096	0,015179287	0,028796251	0,090530159	0,028995215	0,006891793	0,017945921	0,077974111
371	0,026343441	0,077762498	0,021392786	0,033322247	0,02250081	0,035640492	0,04509053	0,015631014	0,059238108	0,043810702	0,057284549	0,012768196	0,063442655
372	0,017376045	0,017173308	0,047309529	0,073438877	0,076249294	0,084839693	0,063514691	0,061109426	0,002254055	0,012397414	0,093610447	0,062686985	0,032594527
373	0,094063831	0,036286224	0,028507831	0,087726094	0,053859164	0,053841862	0,082955513	0,067934027	0,082231134	0,028803315	0,067454419	0,00079105	0,02779944
374	0,029491201	0,003833366	0,089039922	0,024867958	0,058028904	0,022026693	0,064682219	0,024915747	0,096351222	0,090002678	0,081200825	0,037564889	0,021913236
375	0,091769423	0,046067298	0,028265372	0,050813471	0,046112313	0,013425522	0,029479452	0,036269456	0,097080955	0,038237719	0,00180954	0,047863651	0,049221241
376	0,026175011	0,017369536	0,040914624	0,082825891	0,001594541	0,077834932	0,060024532	0,043305705	0,042427128	0,028154286	0,08431934	0,017877734	0,093271748
377	0,049402398	0,00683604	0,015651404	0,038177612	0,014672132	0,058370589	0,040083221	0,013368492	0,045739339	0,017440358	0,006640503	0,065236456	0,031561096
378	0,081463283	0,028437344	0,053393733	0,086460766	0,056995454	0,008462083	0,031479303	0,028294127	0,094245775	0,060775947	0,061105836	0,078670696	0,089742074
379	0,027920113	0,04695389	0,00988867	0,074997103	0,071774101	0,022484192	0,031353625	0,028570418	0,074040136	0,0887834	0,090131697	0,029899147	0,024127027
380	0,02150516	0,068263358	0,06809369	0,097585808	0,064660725	0,036204786	0,07032197	0,067928918	0,08075793	0,015391722	0,014187195	0,087960489	0,067129501
381	0,03215399	0,052792192	0,006036701	0,070203681	0,012403718	0,05106381	0,030638027	0,065478502	0,033391896	0,01410732	0,075617426	0,064628167	0,075645085
382	0,047984084	0,030966136	0,096633674	0,062250714	0,092350476	0,065012363	0,087947403	0,093508256	0,050478457	0,055625677	0,064071864	0,01661733	0,078077544
383	0,01478355	0,073302209	0,056100383	0,060360785	0,066667547	0,028490754	0,004955109	0,070700568	0,069064973	0,029046073	0,026254439	0,098283383	0,082840893
384	0,083139615	0,045049398	0,037380574	0,082874118	0,001656222	0,076372041	0,093341214	0,016975765	0,010268878	0,025654712	0,032656115	0,052824578	0,096650183
385	3,48E-05	0,090492299	0,053017784	0,025804451	0,021946232	0,066746523	0,024570691	0,072634727	0,020981795	0,070213606	0,091358612	0,010663465	0,047199737
386	0,010057818	0,023879322	0,089402768	0,038822796	0,041734564	0,009057391	0,056726983	0,071357424	0,090916876	0,015275122	0,031622731	0,035382573	0,02503241
387	0,062296238	0,025738052	0,096327317	0,075369004	0,019874119	0,075229399	0,047025059	0,092411364	0,030066669	0,059315533	0,029865775	0,09986813	0,081814265
388	0,069177277	0,013289333	0,008315995	0,003797967	0,035235407	0,07990351	0,009095712	0,079518012	0,0354421	0,065732133	0,024662871	0,001899412	0,086806062
389	0,037856958	0,047720144	0,029013442	0,077253062	0,015712357	0,094746674	0,097228239	0,080620079	0,084409647	0,076272011	0,039469725	0,004174117	0,096472194
390	0,074695057	0,021232074	0,097185123	0,061510682	0,028976192	0,099021578	0,070689713	0,056632463	0,02376283	0,0131442	0,002968454	0,082172082	0,054686648
391	0,096139903	0,084815509	0,09421343	0,010357591	0,007040533	0,038122465	0,057977205	0,038370661	0,084297726	0,074634435	0,091768066	0,099361941	0,070288893
392	0,03979254	0,066432933	0,002290645	0,098294118	0,044720932	0,016414206	0,049195735	0,007072526	0,038658869	0,094920549	0,001584976	0,093451197	0,080332313
393	0,037378615	0,058330839	0,067478591	0,064201364	0,022962242	0,017677332	0,002838515	0,036734749	0,035940552	0,093828958	0,038615575	0,07007013	0,074183632
394	0,086380519	0,033218108	0,011005788	0,0029958	0,018335196	0,001442274	0,000751588	0,014226384	0,06507444	0,065346455	0,090431396	0,025896552	0,037391868
395	0,085466537	0,038635436	0,028522242	0,015820833	0,005923406	0,063724137	0,067662708	0,086083793	0,00305175	0,07103698	0,033101915	0,095601317	0,007053012
396	0,099087425	0,091162466	0,083292499	0,079968185	0,064889216	0,085131822	0,064096941	0,051352504	0,049331873	0,004482477	0,029193638	0,059021455	0,010446793
397	0,092619636	0,027991243	0,02267429	0,021881633	0,041004933	0,064884116	0,000474041	0,033816649	0,026301678	0,059582365	0,024953799	0,071114012	0,059708767
398	0,070644952	0,091811566	0,073714701	0,091455083	0,084459069	0,092431669	0,078799291	0,012884987	0,00455376	0,084535163	0,073620103	0,015948785	0,063157289
399	0,056760817	0,000105027	0,089042401	0,034898146	0,093305242	0,04212201	0,089801308	0,098538672	0,075005703	0,045303994	0,041275548	0,086880732	0,023007047
400	0,019716308	0,095778282	0,061723376	0,084583876	0,010189683	0,099949251	0,027511139	0,070271083	0,098717453	0,000355351	0,096276027	0,068133986	0,090160554
401	0,077863081	0,010880211	0,039731865	0,020554417	0,029141959	0,016954375	0,063589366	0,037321398	0,050859281	0,001882435	0,065864732	0,014154719	0,035199489
402	0,069087825	0,011467439	0,082674516	0,091223094	0,059840502	0,036409808	0,011333312	0,026448252	0,018442904	0,043046187	0,059928778	0,075629578	0,064580159
403	0,075697324	0,047616004	0,088492817	0,055680093	0,001520973	0,087067324	0,05680403	0,063070947	0,079841432	0,047270338	0,067468704	0,028185971	0,038215559
404	0,015056273	0,068086293	0,02137192	0,012887261	0,093412846	0,093096692	0,059800631	0,091195835	0,017079865	0,042535717	0,02206715	0,008205207	0,038117581
405	0,06511541	0,048156207	0,091902209	0,028908835	0,036180974	0,088391848	0,085382905	0,098257752	0,097635116	0,015503363	0,024934875	0,099232946	0,016363048
406	0,004669603	0,086943894	0,045988261	0,021529045	0,024814041	0,077739985	0,013099317	0,080524311	0,001019165	0,02317953	0,071542412	0,018819107	0,006081064
407	0,098712196	0,064237796	0,072077041	0,049407799	0,030458104	0,079079722	0,081394718	0,014033821	0,06187017	0,042421824	0,017491322	0,073971986	0,041415157
408	0,023173781	0,081519815	0,029951064	0,026081536	0,068855893	0,030620666	0,048452295	0,043636651	0,098290117	0,045573913	0,056882377	0,098080141	0,07103719
409	0,038447014	0,049795285	0,051943206	0,037405385	0,055676688	0,088966571	0,025632472	0,032020305	0,035793245	0,095778853	0,096365762	0,093486096	0,012130754
410	0,004141967	0,011514927	0,031133855	0,051078586	0,040197559	0,020070103	0,009535612	0,048523246	0,021640951	0,085798143	0,023628086	0,015576392	0,031161464
411	0,093585923	0,048803002	0,021499187	0,031646846	0,009387697	0,066588324	0,075717897	0,070057891	0,006757452	0,059694079	0,026775026	0,063222082	0,048556031
412	0,056973767	0,009729257	0,06053945	0,05545983	0,010739198	0,068588887	0,078502283	0,040294185	0,008268477	0,074565164	0,082758096	0,003897088	0,058639238
413	0,05892442	0,033788871	0,007822158	0,073549252	0,060129774	0,003676872	0,06102852	0,084147852	0,052759926	0,05359367	0,082872789	0,027917355	0,090005064
414	0,029332233	0,053312966	0,016831029	0,00124025	0,096498802	0,024225875	0,031314211	0,053495592	0,041367961	0,034929938	0,05540709	0,022201525	0,058240313
415	0,054844848	0,081231951	0,027514624	0,088214255	0,016190884	0,077229785	0,059737707	0,062911882	0,022145502	0,089673173	0,037295602	0,00678158	0,040191241
416	0,034398543	0,075163624	0,087896657	0,064513803	0,073937618	0,024936856	0,093881474	0,068872822	0,027265071	0,047918703	0,051781217	0,000539817	0,070786898
417	0,0905751	0,012345036	0,03132718	0,033131765	0,045351106	0,054095525	0,040429878	0,040792414	0,085517088	0,094211325	0,03172106	0,07184951	0,007684499
418	0,089920386	0,098849878	0,038401813	0,018769894	0,064988708	0,045743303	0,075273328	0,015399965	0,062326304	0,06306663	0,037064961	0,017142943	0,020477854
419	0,007762384	0,037870981	0,015659472	0,033084231	0,020178209	0,031302437	0,049649605	0,039887708	0,055098731	0,080338811	0,00606256	0,030446403	0,072265604
420	0,07110955	0,060513806	0,027788165	0,04780139	0,083833124	0,057035558	0,076073779	0,028048835	0,086670069	0,006035679	0,063799509	0,035311912	0,033684973
421	0,063329831	0,011925379	0,051475196	0,009314355	0,092704621	0,069453568	0,056036389	0,030009988	0,044555053	0,083300777	0,091860244	0,005567382	0,024739082
422	0,01014397	0,049642817	0,063317017	0,070838593	0,070522769	0,05336726	0,058974873	0,026474659	0,054780337	0,015058187	0,092158185	0,056056223	0,070118869
423	0,049753206	0,007040109	0,083108031	0,042304068	0,015440301	0,014989177	0,05586359	0,055788796	0,039146364	0,018615254	0,09218001	0,084622952	0,051882903
424	0,00837581	0,071635908	0,024439086	0,001370378	0,078905561	0,022021696	0,092173269	0,084820908	0,00714219	0,057960778	0,085415044	0,043509555	0,093865276
425	0,020781089	0,071343753	0,020809844	0,092779518	0,074325313	0,078416311	0,01609031	0,08724614	0,046906477	0,042966899	0,024532366	0,054356506	0,017423832
426	0,099673929	0,02771816	0,015630883	0,073015119	0,02829862	0,054378923	0,048887107	0,082788731	0,083876267	0,028273337	0,065790473	0,081816777	0,09454879
427	0,082285727	0,056497851	0,046882418	0,052529944	0,007348754	0,017933555	0,001559529	0,003920254	0,040004665	0,061613997	0,030523453	0,083477878	0,026358024
428	0,027179927	0,094629562	0,050221505	0,044198704	0,057302697	0,057242082	0,063004578	0,00341644	0,054150241	0,044321211	0,048134465	0,069186294	0,069137183
429	0,089866917	0,073793634	0,029217087	0,063258833	0,017808009	0,091203364	0,089092691	0,029760638	0,005618582	0,013063478	0,045990506	0,037637895	0,075126058
430	0,073114584	0,039234855	0,035343676	0,02214083	0,043628997	0,082024524	0,05306422	0,008226725	0,026992609	0,067168481	0,048565293	0,072159401	0,096037349
431	0,052630245	0,05850919	0,021444663	0,052760984	0,079045574	0,092677411	0,006602252	0,017389484	0,094760656	0,072859365	0,014967219	0,065411046	0,007246718
432	0,075156553	0,05622552	0,084758144	0,089218701	0,040980129	0,037924783	0,035624924	0,079362965	0,045603067	0,014417304	0,084492042	0,055872341	0,010960581
433	0,098946756	0,08664186	0,064100715	0,003606433	0,064703859	0,084600166	0,029689533	0,067948946	0,002247672	0,086651348	0,01522393	0,049827333	0,014823986
434	0,048567489	0,044399021	0,053327898	0,05517958	0,009633918	0,09659768	0,055323672	0,003489152	0,053552048	0,079672831	0,043547215	0,027311332	0,073663971
435	0,070303879	0,077522164	0,065791615	0,037168922	0,026012331	0,061479678	0,058972252	0,014828995	0,015764531	0,053915815	0,029910014	0,092181883	0,033768109
436	0,041181625	0,07701753	0,057705246	0,073519047	0,080080727	0,076646335	0,033195746	0,001620492	0,027123562	0,081278411	0,003586953	0,093050106	0,073988312
437	0,037758535	0,005557486	0,08846445	0,033209578	0,090259475	0,015064785	0,043425907	0,060533815	0,009151856	0,009256308	0,031938812	0,045582868	0,03836627
438	0,087040642	0,017948979	0,02673346	0,072687568	0,002884011	0,023281855	0,0207045	0,021686448	0,025893191	0,077078832	0,085672653	0,03309807	0,028744645
439	0,039459663	0,075545513	0,042720273	0,031746786	0,017141388	0,093077826	0,00659903	0,02116089	0,046359206	0,081309055	0,032000465	0,099324911	0,05754146
440	0,069561525	0,099998012	0,086644623	0,063577849	0,050788839	0,041702286	0,061273875	0,057673295	0,016058623	0,074714773	0,06842988	0,065527189	0,021813219
441	0,099519255	0,045700684	0,030304094	0,028386513	0,07304354	0,069459994	0,079192608	0,073679931	0,003325194	0,067924523	0,065788714	0,096434124	0,099708074
442	0,09748255	0,096089107	0,047169757	0,093387948	0,040028183	0,051158085	0,034832894	0,093284405	0,055114662	0,060157034	0,063702018	0,056699372	0,072736704
443	0,019938207	0,014897259	0,031460215	0,035062469	0,098024647	0,093758164	0,026269086	0,07121515	0,077856251	0,05818906	0,099352273	0,051893284	0,042293342
444	0,089152725	0,082225812	0,086248645	0,008264085	0,025054687	0,087616387	0,0746161	0,071295634	0,024888702	0,077134203	0,099593685	0,044469134	0,086669423
445	0,08522183	0,055305635	0,0941717	0,087776127	0,0703419	0,045742513	0,032689978	0,000891534	0,057860635	0,073365086	0,032751725	0,048493726	0,058120506
446	0,050328525	0,047561755	0,025652649	0,01565981	0,043184504	0,050000046	0,027390234	0,057829615	0,05959105	0,010942372	0,034831855	0,044614593	0,024737578
447	0,097988736	0,076902497	0,078118762	0,049794856	0,069982826	0,091741574	0,092980949	0,025662504	0,035342943	0,002433353	0,03144164	0,077518099	0,023366806
448	0,088861211	0,042247308	0,028297047	0,050809634	0,080575788	0,035497278	0,049287666	0,044710715	0,009504469	0,049301259	0,092366212	0,004801558	0,034582711
449	0,060984821	0,091505994	0,088303967	0,01124671	0,067618943	0,03214721	0,076313083	0,004938751	0,082540285	0,041527231	0,006874359	0,017634107	0,017238525
450	0,014852775	0,066030028	0,072722156	0,084010921	0,051557146	0,097239434	0,023351948	0,041472781	0,047602045	0,036134995	0,00272424	0,078853769	0,062191057
451	0,051888431	0,081340077	0,098348969	0,086016924	0,030386181	0,056979138	0,012691785	0,079346124	0,00849631	0,050432817	0,068622152	0,018330536	0,065710684
452	0,035288268	0,004769338	0,043443882	0,057250765	0,075708255	0,090457515	0,034892497	0,073049038	0,019330605	0,094470991	0,092287023	0,048258751	0,068935894
453	0,059190779	0,023431405	0,052855402	0,021992302	0,069101749	0,010543022	0,07301054	0,057657434	0,062933036	0,086746155	0,067415322	0,017127	0,095010903
454	0,03180059	0,069256748	0,066767099	0,065279512	0,061396579	0,083037231	0,037455251	0,023816392	0,054597741	0,05831359	0,013067598	0,009120959	0,028067806
455	0,018689388	0,06936748	0,083875812	0,024792527	0,029838557	0,085966599	0,030302733	0,091963811	0,00838872	0,019108058	0,001669563	0,042859529	0,039153293
456	0,096127981	0,034889569	0,087825891	0,045855966	0,037629614	0,068991631	0,070131982	0,059188113	0,085228086	0,06083535	0,008667887	0,053556875	0,068045928
457	0,058203844	0,025764902	0,049006038	0,044301311	0,029061064	0,018124375	0,064554477	0,029883564	0,005252166	0,088379221	0,039076818	0,024670354	0,05682338
458	0,023714628	0,046718449	0,032135355	0,072526859	0,075343585	0,095529167	0,026248293	0,043010818	0,092994076	0,022610081	0,082104975	0,014144782	0,018849626
459	0,043224687	0,002843845	0,04353366	0,092423624	0,090470175	0,001896377	0,000947035	0,073726877	0,095738104	0,045393449	0,011646474	0,004751523	0,083239154
460	0,004638228	0,073851248	0,031314525	0,087131784	0,082816337	0,026904753	0,047947718	0,005179318	0,089512832	0,033628234	0,089103484	0,06687217	0,08107881
461	0,095206851	0,04646233	0,001214205	0,072512117	0,066076268	0,077129534	0,087687971	0,060504732	0,024181614	0,006316037	0,016632417	0,07859929	0,058958626
462	0,078990923	0,010756463	0,007212844	0,009983681	0,028077192	0,024907471	0,084025632	0,007992639	0,08046866	0,088700101	0,073916758	0,060218343	0,030214784
463	0,034555094	0,035873669	0,011665395	0,043508857	0,019538252	0,054147705	0,084272324	0,062557744	0,096027001	0,057501461	0,074889493	0,05373742	0,086933844
464	0,083037838	0,052877314	0,013590391	0,077475855	2,48E-05	0,024163691	0,050932472	0,05065497	0,095388605	0,098634671	0,095408038	0,050248457	0,00371247
465	0,086100091	0,067665108	0,041875577	0,005626956	0,015243913	0,008392835	0,096777589	0,052636014	0,093356139	0,085173262	0,016358066	0,056872586	0,010047548
466	0,033198346	0,097051093	0,009343121	0,051425007	0,062613037	0,059772174	0,078411358	0,050819023	0,031130519	0,046154099	0,061234104	0,075171552	0,033396309
467	0,045143432	0,065201263	0,034113282	0,026410522	0,087731503	0,092086964	0,014752093	0,074052538	0,041711048	0,061888151	0,055657033	0,097235981	0,06201128
468	0,049079535	0,073676483	0,090762109	0,065788842	0,068192791	0,055725727	0,031683114	0,013351271	0,081274092	0,094977119	0,005966527	0,005256309	0,066150723
469	0,075109411	0,022048363	0,035516881	0,050502126	0,060750623	0,025525409	0,06943602	0,063601327	0,034679419	0,013059609	0,081199797	0,06510436	0,049619222
470	0,020055394	0,019897752	0,053749761	0,071009096	0,097835496	0,02480911	0,057982655	0,0580244	0,09559062	0,089023895	0,09394842	0,099284537	0,017238813
471	0,005568229	0,03151444	0,039274635	0,059576884	0,013261749	0,004767024	0,016018401	0,006463115	0,066832592	0,053411583	0,057061439	0,033774473	0,080748914
472	0,066008663	0,049556952	0,072123343	0,068141053	0,003686584	0,069231151	0,066847608	0,015585993	0,032444259	0,006844374	0,069684136	0,064352096	0,013980753
473	0,083706316	0,039422694	0,061037954	0,066036876	0,095075146	0,081937713	0,084058774	0,087993343	0,08355276	0,028923247	0,056830247	0,049915849	0,05697514
474	0,061103999	0,05794564	0,088241662	0,044132496	0,002446362	0,054711792	0,018708306	0,07513076	0,056902482	0,063675798	0,054071458	0,098882856	0,069035827
475	0,081533427	0,059912759	0,063637643	0,068056278	0,083706486	0,097731538	0,069261602	0,0136994	0,059261345	0,088371841	0,089265085	0,055007149	0,094443363
476	0,029249871	0,080821098	0,077870894	0,076871172	0,03484317	0,02394762	0,027350046	0,001957164	0,046316008	0,04297835	0,050660472	0,052272568	0,052816391
477	0,057081189	0,03853814	0,058493504	0,036362032	0,08840314	0,062663357	0,08275085	0,032831192	0,083450279	0,091964988	0,0446876	0,017793005	0,062197232
478	0,015524836	0,025998132	0,09185722	0,078341261	0,063137693	0,046634499	0,005000798	0,049710347	0,043250001	0,047608034	0,049210508	0,02826892	0,053784413
479	0,021537513	0,000853235	0,084588259	0,084779734	0,00407823	0,049759564	0,042340649	0,032858525	0,014444508	0,012274632	0,01435034	0,095917851	0,045477757
480	0,034884374	0,007295269	0,078926116	0,06377918	0,014055106	0,033565347	0,060992751	0,073240851	0,034356501	0,064540325	0,064460049	0,044531513	0,055394054
481	0,022990858	0,008729239	0,037233585	0,047632918	0,061741427	0,041787728	0,08730652	0,069668002	0,096749754	0,015694421	0,078994841	0,020982221	0,016687848
482	0,075888127	0,075446467	0,072329443	0,009888215	0,0859545	0,016554176	0,017401785	0,046443788	0,075274159	0,008908637	0,029151743	0,040084181	0,031381653
483	0,035588598	0,085278482	0,011647787	0,097907379	0,079893413	0,02779298	0,041751007	0,049970487	0,028195346	0,075252066	0,084149979	0,01718104	0,04012249
484	0,033129087	0,097082753	0,001056578	0,049014749	0,050540188	0,072257987	0,051683859	0,075922453	0,060542611	0,003913704	0,060787557	0,045374306	0,01442275
485	0,072957223	0,002693624	0,029483637	0,053753966	0,003156833	0,008367609	0,04371225	0,097449119	0,049486008	0,04531018	0,080615357	0,025748418	0,067469004
486	0,044113337	0,090981526	0,011204179	0,012166105	0,086178122	0,014223821	0,073416712	0,071502733	0,086844386	0,093469722	0,072188031	0,071931947	0,042870694
487	0,081995974	0,044211594	0,08212578	0,062514221	0,018830485	0,094551126	0,032423788	0,058736822	0,071098706	0,005737252	0,063487397	0,08840482	0,098562576
488	0,018254335	0,074499326	0,057888333	0,025778759	0,021600981	0,042116806	0,099420514	0,097225355	0,093789852	0,039663132	0,096383199	0,089798296	0,063987884
489	0,022428519	0,061816939	0,057028507	0,02804742	0,090370963	0,039049447	0,027162059	0,04919658	0,032163598	0,09556664	0,002825735	0,033940541	0,022830028
490	0,02956676	0,072095972	0,056214014	0,023598605	0,09190724	0,078687895	0,033948207	0,027357721	0,065636579	0,083801585	0,073845039	0,058617697	0,094072124
491	0,03137639	0,0480314	0,080428745	0,012108179	0,043624297	0,073012682	0,071764558	0,073299085	0,068523595	0,036858062	0,06700653	0,067624553	0,027384825
492	0,016919349	0,083825747	0,037034645	0,00521475	0,01138696	0,060012925	0,088821911	0,014558347	0,025035594	0,013902676	0,044243711	0,003221168	0,081757966
493	0,066245528	0,001434306	0,008675577	0,086707728	0,096533763	0,045817538	0,024641578	0,034907852	0,009137517	0,086695518	0,0273605	0,056095088	0,05089512
494	0,031570898	0,087579471	0,085341389	0,040474473	0,056359899	0,055514626	0,080408602	0,037489046	0,088455769	0,073833769	0,078798533	0,015659609	0,037431322
495	0,092295471	0,017055043	0,086899032	0,091645851	0,067698453	0,003566082	0,095602327	0,008262272	0,014812682	0,054807945	0,088751272	0,056403896	0,008163279
496	0,057429725	0,072879942	0,038713347	0,047615799	0,03497405	0,044330123	0,055211468	0,09994333	0,045769361	0,080004602	0,023232914	0,059821168	0,027922352
497	0,003150132	0,074267403	0,048694201	0,029747593	0,057671372	0,019942477	0,033557361	0,023503561	0,036875562	0,016743885	0,001575508	0,089694163	0,043574412
498	0,056619617	0,036812125	0,072179247	0,046914898	0,054111043	0,039729776	0,003120791	0,041880632	0,094964141	0,086342128	0,043394945	0,033367374	0,075482935
499	0,068414778	0,09749114	0,017774266	0,069325708	0,048874533	0,058529965	0,058903365	0,09478904	0,02863675	0,099194013	0,056589225	0,098557185	0,012653198
500	0,098214978	0,093938093	0,075592032	0,015748675	0,086949517	0,069187483	0,059749751	0,024395172	0,092091076	0,019203593	0,055586134	0,03758479	0,071476343