Project Name/TEST													
Project Type/Forward-Shot													
Shot Offset/5/meter													
Geophone Interval/5/meter													
Trigger Value/0,25/miliVolt													
Data Count/501													
Record Length/500/microSecond													
Comments/TEST													
Time	Channel-1	Channel-2	Channel-3	Channel-4	Channel-5	Channel-6	Channel-7	Channel-8	Channel-9	Channel-10	Channel-11	Channel-12	Channel-13
0	0,003012238	0,052936393	0,089504612	0,000849423	0,007500503	0,044313738	0,034517031	0,016595213	0,035453913	0,094946089	0,038865291	0,083149866	0,038718641
1	0,086526335	0,027748657	0,014622904	0,051248944	0,025881482	0,01817726	0,004071971	0,006662287	0,029170908	0,093787358	0,081534983	0,029865405	0,076708941
2	0,024480962	0,091323051	0,008623525	0,068927836	0,046391988	0,061076495	0,060030212	0,054959313	0,03053851	0,032814302	0,060514377	0,061696301	0,027192911
3	0,054208383	0,09204547	0,044605881	0,048914076	0,0013306	0,054467078	0,032433536	0,016539325	0,091976676	0,018777402	0,082572982	0,052955327	0,067819665
4	0,093996748	0,095904768	0,07917952	0,039087665	0,064843761	0,095170763	0,006315148	0,067487829	0,088737267	0,005824946	0,083602764	0,017329347	0,048236975
5	0,008205216	0,077655017	0,097752801	0,026051582	0,085503574	0,061254622	0,001243184	0,017865323	0,076235706	0,041993471	0,085078224	0,059102222	0,081246085
6	0,097453585	0,054475493	0,079667385	0,095386381	0,018982114	0,006824664	0,03479203	0,079101627	0,095321641	0,0817339	0,033293705	0,047158408	0,047336878
7	0,085353202	0,07041816	0,049138024	0,058208028	0,066926012	0,083317632	0,008559915	0,055502032	0,021528748	0,073055634	0,032308356	0,073320162	0,005453959
8	0,077982904	0,030670552	0,006908665	0,006210061	0,041371222	0,027797351	0,094686683	0,011028678	0,061495401	0,064902342	0,045697282	0,080643865	0,081851514
9	0,004697137	0,078630261	0,065768575	0,085964672	0,022082325	0,043788723	0,024711964	0,067123156	0,081342534	0,095859272	0,071154624	0,055991935	0,072521449
10	0,093482863	0,044831735	0,039714456	0,051151402	0,03415445	0,012652106	0,003680581	0,005715686	0,049696711	0,002032931	0,036662636	0,023628399	0,090824248
11	0,051144234	0,056568703	0,030932425	0,066661253	0,03545645	0,096545217	0,025256297	0,095585442	0,001766614	0,074091614	0,029850326	0,013246305	0,013579228
12	0,087645578	0,030871903	0,050275048	0,045556472	0,0897927	0,017823284	0,097031505	0,002283969	0,058834666	0,048058581	0,065270042	0,037956656	0,057067342
13	0,098414673	0,032176219	0,071900161	0,024485531	0,08530203	0,081960575	0,000154566	0,034751971	0,036005543	0,013935534	0,023454099	0,062743036	0,03870771
14	0,053064856	0,032354661	0,054810787	0,080083713	0,053827466	0,012533242	0,025591733	0,021354437	0,018123286	0,001090831	0,068537588	0,079065272	0,088397257
15	0,075770941	0,024422446	0,006024489	0,005150735	0,043408688	0,078456027	0,088626399	0,07202051	0,020410897	0,009826353	0,061857307	0,060909972	0,047080855
16	0,097004539	0,00603128	0,029892359	0,026764679	0,071551534	0,002607527	0,044514604	0,073878257	0,054358966	0,070517374	0,088297475	0,045020484	0,068170424
17	0,087331318	0,077965398	0,003295434	0,071428065	0,083906153	0,094104965	0,019446772	0,095610826	0,053025088	0,041800267	0,026415301	0,030671888	0,021142494
18	0,021032757	0,024377526	0,091048785	0,039908612	0,00821294	0,059594269	0,01712029	0,023327037	0,075997053	0,008031897	0,05237324	0,051603401	0,066226863
19	0,057998357	0,073945753	0,035756617	0,009066696	0,056582319	0,01817337	0,036514469	0,094388076	0,06765302	0,064343443	0,053991357	0,095627937	0,050469953
20	0,0159973	0,08057027	0,098768157	0,043352455	0,038349407	0,046029467	0,005050414	0,026722733	0,073397792	0,096419274	0,032403787	0,028373108	0,076819292
21	0,023442208	0,005210929	0,03583312	0,009355966	0,084302396	0,040751914	0,058412763	0,055706832	0,066765886	0,078580273	0,033205753	0,030042594	0,075092954
22	0,002332858	0,075073497	0,052209564	0,085065105	0,054224059	0,011117323	0,019953211	0,046170058	0,028720891	0,081620347	0,008139902	0,077962374	0,016824257
23	0,03453729	0,06449021	0,068997048	0,01064037	0,057383804	0,054508378	0,094865213	0,094388618	0,072582021	0,057143128	0,031171508	0,022754689	0,092522835
24	0,016794828	0,098919972	0,038561515	0,011505215	0,036652276	0,061120965	0,05649333	0,078677698	0,024943605	0,054392151	0,025249265	0,025497476	0,026405117
25	0,095466483	0,023098198	0,001569195	0,067535437	0,045111054	0,072124744	0,080225945	0,035183184	0,099337483	0,059201894	0,012456507	0,033633501	0,033326392
26	0,014605637	0,029796712	0,083951641	0,00560261	0,09122423	0,096060455	0,014578071	0,084766596	0,093903756	0,024867469	0,046457577	0,011312795	0,098274715
27	0,035688405	0,041699386	0,010309116	0,088063746	0,068393388	0,030888307	0,052071212	0,034577888	0,015316901	0,041527634	0,076508446	0,047743025	0,095331612
28	0,028388003	0,000699643	0,053969624	0,060397703	0,091653702	0,05770237	0,077424382	0,067668357	0,065086165	0,054894435	0,062618637	0,030049681	0,000832245
29	0,047127451	0,017124173	0,049058257	0,051918443	0,031649763	0,028821296	0,011747083	0,073846114	0,055075142	0,002116415	0,059093999	0,079237979	0,008577862
30	0,02011149	0,064887549	0,073347325	0,05374443	0,000760999	0,015051648	0,088256284	0,007783425	0,099573856	0,039120299	0,012778885	0,073351936	0,015137512
31	0,029929369	0,096539296	0,048466725	0,048445075	0,013546317	0,000816669	0,085031803	0,030768258	0,055734808	0,012103171	0,029487178	0,049849533	0,005340772
32	0,062872221	0,022095956	0,010680185	0,074040748	0,034617672	0,069011992	0,058277868	0,020365973	0,048422333	0,089750661	0,019598702	0,048819441	0,043835285
33	0,052515336	0,076061033	0,093460983	0,031390479	0,043459976	0,091433887	0,004359412	0,071601788	0,079419252	0,078672833	0,098013705	0,082942763	0,072721193
34	0,020436882	0,093127246	0,031733755	0,058955288	0,010529922	0,019229869	0,017202557	0,06014795	0,066103916	0,005015485	0,065260412	0,086318129	0,09445206
35	0,025144603	0,081736989	0,036955543	0,036744301	0,046709892	0,081690989	0,015772816	0,008358845	0,018542276	0,005693617	0,079535841	0,070869148	0,073919427
36	0,022486892	0,09743745	0,010566867	0,007423138	0,089549322	0,045671102	0,041556545	0,008708655	0,028989895	0,085891206	0,06797903	0,059190932	0,051473745
37	0,087404937	0,071641163	0,030112847	0,02396818	0,001515543	0,071267668	0,027693137	0,002842436	0,001776598	0,007369113	0,002360671	0,088851725	0,040187245
38	0,042461622	0,000354361	0,047660012	0,091056582	0,043580137	0,03206214	0,032783027	0,096763454	0,023364796	0,05224838	0,084061855	0,01052378	0,088657088
39	0,013920916	0,049246213	0,074577219	0,009705539	0,06503763	0,012403755	0,040828372	0,016330158	0,012478375	0,068438353	0,059083882	0,034006645	0,099703142
40	0,089704692	0,070591094	0,083481946	0,054442086	0,078934731	0,097055668	0,068288513	0,038265431	0,099474714	0,073453424	0,08628098	0,09173922	0,065564748
41	0,075159303	0,053838322	0,04357241	0,067850158	0,003608924	0,037123317	0,062225691	0,082272073	0,01444636	0,024929924	0,093861737	0,010376963	0,094310368
42	0,098069635	0,032038834	0,07185506	0,073592961	0,056449365	0,033589226	0,066343977	0,05104174	0,076593795	0,01350391	0,015831868	0,050508972	0,07543358
43	0,020582096	0,003059728	0,010419151	0,081690281	0,085777355	0,070316422	0,094273072	0,000338502	0,077725103	0,00024221	0,088619323	0,036531166	0,015741312
44	0,050248741	0,039066483	0,069546585	0,049601129	0,02916745	0,073302974	0,079620133	0,047613429	0,02568289	0,04936886	0,018698134	0,083325295	0,003654643
45	0,005149814	0,097307945	0,037155836	0,075959736	0,046494594	0,006891186	0,025927975	0,049529668	0,089990638	0,055672498	0,059826126	0,004102434	0,040766202
46	0,031315003	0,044045832	0,02645621	0,026936999	0,056861427	0,082509594	0,039123688	0,051062735	0,068141571	0,073232904	0,012630562	0,054252808	0,023997428
47	0,026916326	0,075697814	0,075865205	0,037615919	0,066088722	0,051599646	0,070332048	0,044766536	0,028322953	0,022890523	0,051741798	0,088135075	0,057706963
48	0,039682624	0,039299462	0,047440003	0,015089351	0,042157189	0,082744988	0,092035091	0,031644067	0,011885628	0,051805342	0,076656275	0,031441733	0,020882552
49	0,058118374	0,012826135	0,010946164	0,027447742	0,033211965	0,001383389	0,064164236	0,020010855	0,005787758	0,038551534	0,00353023	0,092155984	0,034679478
50	0,058118374	0,006484676	0,015565251	0,086095593	0,037199874	0,055492699	0,043957363	0,077813744	0,07700265	0,090674537	0,093562497	0,060450323	0,098135369
51	0,058118374	0,097831883	0,099077348	0,01310861	0,040261987	0,045894118	0,036924	0,092674878	0,02205402	0,020016252	0,058349281	0,009881839	0,008698092
52	0,058118374	0,018470987	0,032356356	0,053024766	0,058495792	0,07518379	0,087184894	0,071521677	0,04680214	0,039645195	0,034099085	0,040627715	0,06908596
53	0,058118374	0,023475823	0,084805075	0,052826696	0,062575407	0,051656295	0,060187645	0,088179467	0,050695945	0,003676885	0,087742423	0,015310921	0,086323579
54	0,058118374	0,020081783	0,073798336	0,040328505	0,030126544	0,063998745	0,01994744	0,056089888	0,019252273	0,032142455	0,085244131	0,000901701	0,052344015
55	0,058118374	0,032996942	0,037163088	0,066395985	0,04013839	0,047410426	0,098047466	0,086181136	0,005647073	0,037682283	0,06511446	0,087955098	0,078349535
56	0,058118374	0,085841263	0,010082767	0,014926152	0,06927964	0,033002851	0,069195722	0,044451681	0,088226144	0,007914284	0,073257373	0,024183451	0,023891704
57	0,058118374	0,098900459	0,086884558	0,035946486	0,032825455	0,030057101	0,004196251	0,058362826	0,018605927	0,066207021	0,087254607	0,081155918	0,09351437
58	0,058118374	0,080587894	0,002676577	0,070846842	0,093471662	0,057490151	0,067603233	0,051727181	0,069813766	0,077752016	0,036366643	0,071898762	0,023676323
59	0,058118374	0,07562548	0,015908498	0,044654312	0,03871819	0,053748213	0,050185827	0,013122858	0,016194976	0,089707235	0,017535243	0,003345046	0,053328745
60	0	0,007604867	0,032449056	0,026638378	0,014128293	0,077265399	0,089970557	0,049309689	0,022623835	0,006308635	0,075219385	0,005177011	0,089613874
61	0,258819045	0,042985259	0,053311775	0,082799032	0,009605213	0,062048571	0,033759768	0,048547147	0,014422004	0,096979882	0,082722145	0,047936164	0,086111041
62	0,5	0,047183146	0,057705726	0,038116641	0,024194234	0,029275626	0,083771971	0,034823276	0,041680168	0,051194489	0,09554235	0,037907361	0,07871116
63	0,707106781	0,006712709	0,061930831	0,013957272	0,009461734	0,056335333	0,071993879	0,023206907	0,09371593	0,084556919	0,082731762	0,08803009	0,013060606
64	0,866025404	0,097514081	0,017677648	0,072350902	0,041831694	0,044012173	0,073517284	0,093436933	0,082883322	0,096418968	0,048152203	0,054081381	0,020636777
65	0,965925826	0,044170407	0,049132339	0,053674496	0,074269904	0,062269916	0,016133385	0,033748538	0,051470824	0,037836076	0,00953464	0,055287693	0,028903435
66	1	0,03109886	0,05656242	0,095420521	0,099704828	0,02461843	0,051403022	0,014926564	0,079202254	0,04325346	0,024973505	0,071848997	0,041727464
67	0,965925826	0,028877931	0,053424993	0,00351181	0,088213226	0,047597977	0,038358484	0,007480566	0,092205746	0,029948442	0,053788459	0,054459419	0,098496385
68	0,866025404	7,76E-06	0,08031955	0,001866403	0,001662691	0,014209481	0,047536466	0,034829507	0,029087127	0,099243969	0,048118656	0,078885021	0,047887038
69	0,707106781	0,03725323	0,043351329	0,084481491	0,01798982	0,007164492	0,010567691	0,021164909	0,093709842	0,024257579	0,086853128	0,01294162	0,096522243
70	0,5	0,066078982	0,036294031	0,01055998	0,078447879	0,057567835	0,024905709	0,073369963	0,044168483	0,039031099	0,07510804	0,049067204	0
71	0,258819045	0,041964419	0,087103623	0,028021547	0,037808115	0,044154459	0,06804732	0,076315304	0,072340746	0,042652328	0,033699781	0,017549767	0,258819045
72	-0,2	0,00833299	0,094903565	0,09817707	0,068432021	0,02603309	0,06871734	0,047797836	0,087226036	0,070446446	0,038305354	0,060657093	0,5
73	-0,647047613	0,006126128	0,054365144	0,092868565	0,046252303	0,078812746	0,015766217	0,003279679	0,032518124	0,054661027	0,095515049	0,005647193	0,707106781
74	-1,25	0,042811077	0,021584613	0,027460561	0,072745017	0,089261145	0,04962841	0,040131999	0,09057913	0,055999986	0,070071931	0,056363231	0,866025404
75	-1,767766953	0,082177408	0,077378252	0,072504013	0,037356604	0,089739083	0,083068898	0,093303095	0,005895325	0,002875798	0,072932314	0,040006537	0,965925826
76	-2,165063509	0,040369726	0,046408188	0,021332732	0,023125617	0,048233105	0,080675772	0,093753721	0,083061857	0,007304123	0,03269242	0,064147775	1
77	-2,414814566	0,032062842	0,099678303	0,041375165	0,068996889	0,010580673	0,039235416	0,022721894	0,019340296	0,012601185	0,076698448	0,082571172	0,965925826
78	-2,5	0,093347467	0,030320505	0,078072021	0,09575403	0,027768278	0,095318246	0,055843137	0,092045013	0,049230429	0,032918489	0,04010882	0,866025404
79	-2,414814566	0,019208725	0,028564742	0,084988661	0,015416711	0,050865816	0,048441299	0,078373374	0,063969192	0,083897293	0,088790601	0,021624994	0,707106781
80	-2,165063509	0,05629485	0,03918695	0,0489821	0,044026235	0,063319915	0,063757649	0,09015084	0,011693283	0,091076011	0,052319342	0	0,5
81	-1,767766953	0,019030859	0,019516667	0,074686429	0,082721945	0,024901091	0,092870432	0,052426623	0,009768269	0,071569202	0,081525706	0,258819045	0,258819045
82	-1,25	0,054543475	0,066297932	0,08639683	0,076559441	0,022196779	0,063652315	0,073170887	0,048955542	0,048576199	0,030809639	0,5	-0,2
83	-0,647047613	0,038591022	0,02383272	0,000161958	0,03314907	0,093554811	0,040879676	0,055368443	0,092262347	0,045261968	0,044315958	0,707106781	-0,647047613
84	-0,2	0,003642779	0,09726183	0,000925885	0,06668128	0,029050976	0,096231599	0,099597855	0,024478607	0,057206128	0,078434051	0,866025404	-1,25
85	0,258819045	0,032545569	0,078712502	0,058787076	0,062672258	0,018119519	0,010582194	0,053184761	0,065621708	0,076734375	0,077215441	0,965925826	-1,767766953
86	0,5	0,090606471	0,074845557	0,015523097	0,074749374	0,018684078	0,081718572	0,079467406	0,097911071	0,086482351	0,02389824	1	-2,165063509
87	0,707106781	0,026997002	0,037625072	0,080734394	0,025832675	0,022665861	0,094218019	0,07946814	0,03084721	0,00483907	0,036086684	0,965925826	-2,414814566
88	0,866025404	0,0109762	0,092888724	0,021459004	0,077916675	0,00191981	0,036609354	0,084860464	0,048723192	0,095804631	0,096437147	0,866025404	-2,5
89	0,965925826	0,078825306	0,079762834	0,097788627	0,062288357	0,093113061	0,061277356	0,057779512	0,087706671	0,076522114	0,019711273	0,707106781	-2,414814566
90	1	0,000510702	0,025345202	0,063352139	0,002027085	0,048661214	0,014297825	0,051667613	0,076357707	0,075488075	0	0,5	-2,165063509
91	0,965925826	0,082606794	0,008233646	0,078530181	0,088329688	0,027574335	0,054739231	0,050344954	0,034457822	0,007766381	0,258819045	0,258819045	-1,767766953
92	0,866025404	0,087563663	0,004460194	0,031991273	0,083849419	0,035916724	0,064721313	0,078447307	0,088597747	0,027832246	0,5	-0,2	-1,25
93	0,707106781	0,084939338	0,028984101	0,006382817	0,060802137	0,054427757	0,082655483	0,027990071	0,046422501	0,024762927	0,707106781	-0,647047613	-0,647047613
94	0,5	0,064890857	0,017535561	0,035237066	0,079944223	0,043679072	0,03027365	0,098672664	0,095009187	0,046976381	0,866025404	-1,25	-0,2
95	0,258819045	0,070604732	0,010612778	0,077758786	0,060162076	0,085258467	0,049161296	0,078105064	0,023835606	0	0,965925826	-1,767766953	0,258819045
96	3,68E-16	0,005930534	0,021521109	0,047971572	0,090391594	0,004042404	0,056965213	0,059801696	0,029265754	0,258819045	1	-2,165063509	0,5
97	0,048278462	0,075371419	0,074339288	0,074270346	0,078345458	0,015231043	0,015399095	0,064281633	0,064436164	0,5	0,965925826	-2,414814566	0,707106781
98	0,03845884	0,041488087	0,082922741	0,054391951	0,038407422	0,072896028	0,022700131	0,096079734	0,03147772	0,707106781	0,866025404	-2,5	0,866025404
99	0,049092082	0,014220566	0,042762292	0,095211388	0,021319955	0,014565361	0,084593955	0,096240663	0,007589983	0,866025404	0,707106781	-2,414814566	0,965925826
100	0,095318894	0,002985354	0,036871877	0,058032198	0,067467077	0,062391696	0,009749026	0,084241741	0	0,965925826	0,5	-2,165063509	1
101	0,007806309	0,006805584	0,066675473	0,056947975	0,07183029	0,012209542	0,08059055	0,07146997	0,258819045	1	0,258819045	-1,767766953	0,965925826
102	0,00957064	0,027590102	0,082422249	0,073657739	0,081924352	0,010828924	0,005739473	0,045041994	0,5	0,965925826	-0,2	-1,25	0,866025404
103	0,080006801	0,099933698	0,042595079	0,052721674	0,079397544	0,003860669	0,048348304	0,018375039	0,707106781	0,866025404	-0,647047613	-0,647047613	0,707106781
104	0,084946922	0,030010969	0,000192344	0,073484262	0,098109032	0,048749187	0,083869279	0,072139416	0,866025404	0,707106781	-1,25	-0,2	0,5
105	0,092991995	0,030102198	0,064256958	0,033651441	0,023133108	0,009880312	0,024938958	0	0,965925826	0,5	-1,767766953	0,258819045	0,258819045
106	0,046890194	0,099927631	0,09047351	0,08380285	0,01806798	0,076595294	0,078608159	0,258819045	1	0,258819045	-2,165063509	0,5	3,68E-16
107	0,029011776	0,054018005	0,040675944	0,056411783	0,073508173	0,002285782	0	0,5	0,965925826	-0,2	-2,414814566	0,707106781	0,042222456
108	0,062547723	0,022195849	0,080552473	0,008593079	0,083350833	0,058680968	0,258819045	0,707106781	0,866025404	-0,647047613	-2,5	0,866025404	0,0345341
109	0,0830436	0,043895026	0,057432621	0,028112158	0,021493372	0	0,5	0,866025404	0,707106781	-1,25	-2,414814566	0,965925826	0,050381211
110	0,050814195	0,030610484	0,01868166	0,086868824	0,076986305	0,258819045	0,707106781	0,965925826	0,5	-1,767766953	-2,165063509	1	0,067550885
111	0,014052095	0,046640748	0,083766954	0,049660822	0	0,5	0,866025404	1	0,258819045	-2,165063509	-1,767766953	0,965925826	0,092591245
112	0,096948505	0,010103449	0,020980709	0	0,258819045	0,707106781	0,965925826	0,965925826	-0,2	-2,414814566	-1,25	0,866025404	0,068045103
113	0,068212322	0,094022265	0	0,258819045	0,5	0,866025404	1	0,866025404	-0,647047613	-2,5	-0,647047613	0,707106781	0,042913028
114	0,066724132	0	0,258819045	0,5	0,707106781	0,965925826	0,965925826	0,707106781	-1,25	-2,414814566	-0,2	0,5	0,072591512
115	0,071414207	0,258819045	0,5	0,707106781	0,866025404	1	0,866025404	0,5	-1,767766953	-2,165063509	0,258819045	0,258819045	0,035655906
116	0,031742265	0,5	0,707106781	0,866025404	0,965925826	0,965925826	0,707106781	0,258819045	-2,165063509	-1,767766953	0,5	3,68E-16	0,045199846
117	0,024897137	0,707106781	0,866025404	0,965925826	1	0,866025404	0,5	-0,2	-2,414814566	-1,25	0,707106781	0,050343187	0,052709
118	0,0494614	0,866025404	0,965925826	1	0,965925826	0,707106781	0,258819045	-0,647047613	-2,5	-0,647047613	0,866025404	0,018915142	0,059893536
119	0,024266659	0,965925826	1	0,965925826	0,866025404	0,5	-0,2	-1,25	-2,414814566	-0,2	0,965925826	0,014746324	0,087734914
120	0,069049319	1	0,965925826	0,866025404	0,707106781	0,258819045	-0,647047613	-1,767766953	-2,165063509	0,258819045	1	0,093883853	0,080146928
121	0,058433044	0,965925826	0,866025404	0,707106781	0,5	-0,2	-1,25	-2,165063509	-1,767766953	0,5	0,965925826	0,086088368	0,066818787
122	0,069939543	0,866025404	0,707106781	0,5	0,258819045	-0,647047613	-1,767766953	-2,414814566	-1,25	0,707106781	0,866025404	0,012892632	0,094085493
123	0,004350182	0,707106781	0,5	0,258819045	-0,2	-1,25	-2,165063509	-2,5	-0,647047613	0,866025404	0,707106781	0,006553744	0,08054521
124	0,052065433	0,5	0,258819045	-0,2	-0,647047613	-1,767766953	-2,414814566	-2,414814566	-0,2	0,965925826	0,5	0,097361611	0,092382979
125	0,021539637	0,258819045	-0,2	-0,647047613	-1,25	-2,165063509	-2,5	-2,165063509	0,258819045	1	0,258819045	0,028060679	0,080691159
126	0,029766397	-0,2	-0,647047613	-1,25	-1,767766953	-2,414814566	-2,414814566	-1,767766953	0,5	0,965925826	3,68E-16	0,035628176	0,00392117
127	0,062651981	-0,647047613	-1,25	-1,767766953	-2,165063509	-2,5	-2,165063509	-1,25	0,707106781	0,866025404	0,09548287	0,098131304	0,043958056
128	0,086589177	-1,25	-1,767766953	-2,165063509	-2,414814566	-2,414814566	-1,767766953	-0,647047613	0,866025404	0,707106781	0,070403455	0,097022279	0,097339269
129	0,040968406	-1,767766953	-2,165063509	-2,414814566	-2,5	-2,165063509	-1,25	-0,2	0,965925826	0,5	0,072154146	0,007022206	0,068150258
130	0,07747459	-2,165063509	-2,414814566	-2,5	-2,414814566	-1,767766953	-0,647047613	0,258819045	1	0,258819045	0,049589075	0,008972644	0,068198069
131	0,068672443	-2,414814566	-2,5	-2,414814566	-2,165063509	-1,25	-0,2	0,5	0,965925826	3,68E-16	0,002870855	0,044314979	0,007414625
132	0,01215174	-2,5	-2,414814566	-2,165063509	-1,767766953	-0,647047613	0,258819045	0,707106781	0,866025404	0,055389216	0,007057299	0,047836741	0,029547765
133	0,056719571	-2,414814566	-2,165063509	-1,767766953	-1,25	-0,2	0,5	0,866025404	0,707106781	0,036046096	0,032513801	0,054416608	0,05886732
134	0,022786894	-2,165063509	-1,767766953	-1,25	-0,647047613	0,258819045	0,707106781	0,965925826	0,5	0,097583839	0,087435516	0,065554578	0,07836631
135	0,079039848	-1,767766953	-1,25	-0,647047613	-0,2	0,5	0,866025404	1	0,258819045	0,072658375	0,001188598	0,027386436	0,053572247
136	0,070628443	-1,25	-0,647047613	-0,2	0,258819045	0,707106781	0,965925826	0,965925826	3,68E-16	0,003133261	0,081871089	0,090128344	0,084583212
137	0,037621658	-0,647047613	-0,2	0,258819045	0,5	0,866025404	1	0,866025404	0,085401859	0,082895765	0,047714339	0,051263978	0,075691204
138	0,00952911	-0,2	0,258819045	0,5	0,707106781	0,965925826	0,965925826	0,707106781	0,004398303	0,038444755	0,09285888	0,01633739	0,069248728
139	0,008816709	0,258819045	0,5	0,707106781	0,866025404	1	0,866025404	0,5	0,047661523	0,047123841	0,037121534	0,059018118	0,036738104
140	0,035742289	0,5	0,707106781	0,866025404	0,965925826	0,965925826	0,707106781	0,258819045	0,014987736	0,07628233	0,072314562	0,053895851	0,082038709
141	0,041150511	0,707106781	0,866025404	0,965925826	1	0,866025404	0,5	3,68E-16	0,024820382	0,096759209	0,073731666	0,021201	0,093782186
142	0,029057003	0,866025404	0,965925826	1	0,965925826	0,707106781	0,258819045	0,065637144	0,05486663	0,051827985	0,054738352	0,007630037	0,011380827
143	0,001290921	0,965925826	1	0,965925826	0,866025404	0,5	3,68E-16	0,012651685	0,068361297	0,065250765	0,024164557	0,044326118	0,006711404
144	0,048529022	1	0,965925826	0,866025404	0,707106781	0,258819045	0,080859301	0,036370307	0,035048462	0,043109537	0,040366295	0,01799899	0,051035806
145	0,035457177	0,965925826	0,866025404	0,707106781	0,5	3,68E-16	0,073784877	0,080664892	0,061159161	0,028075858	0,06330233	0,097308269	0,093940391
146	0,015157049	0,866025404	0,707106781	0,5	0,258819045	0,057506462	0,091508599	0,070346251	0,039139572	0,089350698	0,043357354	0,054263745	0,077849133
147	0,053970365	0,707106781	0,5	0,258819045	3,68E-16	0,098104534	0,076813318	0,023007906	0,085440429	0,044496942	0,073514655	0,030468828	0,092858056
148	0,060354707	0,5	0,258819045	3,68E-16	0,066022329	0,044776012	0,088410887	0,037231832	0,068858192	0,02838871	0,034457623	0,056874487	0,032526301
149	0,06012063	0,258819045	3,68E-16	0,054524879	0,095813058	0,0920578	0,091912312	0,00953748	0,085105504	0,056443617	0,061172058	0,055587934	0,035346691
150	0,003075289	3,68E-16	0,002795959	0,029599623	0,038788247	0,031325903	0,059914263	0,08931942	0,089435949	0,086962425	0,005541702	0,063262329	0,068369989
151	0,086847632	0,095833274	0,05604205	0,07472296	0,024456995	0,019757592	0,02854136	0,020538328	0,049073453	0,071522206	0,017334019	0,056493308	0,074315231
152	0,025532904	0,056156738	0,011594386	0,009542125	0,050685232	0,082861003	0,079605039	0,047431116	0,078273264	0,097682122	0,016883832	0,025074696	0,056130736
153	0,030823291	0,030375054	0,079876416	0,054875739	0,087690346	0,091831565	0,036033413	0,022289063	0,032835206	0,070743338	0,069070885	0,025123804	0,053803712
154	0,042444316	0,022167059	0,060712641	0,046937897	0,029079872	0,000466876	0,08452058	0,045635063	0,078376832	0,033729036	0,010206138	0,044050774	0,004210371
155	0,082725458	0,051954936	0,079954683	0,023066744	0,031410261	0,081767829	0,058807325	0,006817042	0,065828942	0,06280023	0,006565141	0,097662935	0,015201249
156	0,021780433	0,042414185	0,065930572	0,053059832	0,069189984	0,019092195	0,030577195	0,031788999	0,087216242	0,053368788	0,060018817	0,05498792	0,032993172
157	0,097721723	0,065963239	0,09813083	0,010943191	0,059522706	0,038560832	0,037363001	0,042515583	0,082322253	0,053374842	0,012340716	0,038689756	0,068005229
158	0,06313827	0,013376129	0,098040026	0,003883632	0,024308277	0,044263459	0,08256955	0,047833358	0,043244494	0,016985922	0,092334867	0,066314195	0,016416912
159	0,026904204	0,078407524	0,031189453	0,07898891	0,008316344	0,04605173	0,01009091	0,023740805	0,026184	0,014557497	0,013872934	0,059775739	0,088962256
160	0,06719656	0,01217286	0,061409781	0,080673576	0,036199898	0,099888832	0,075288985	0,085954639	0,023595617	0,066805751	0,00766699	0,011462477	0,005374534
161	0,008391073	0,031496758	0,050563312	0,015334945	0,019868586	0,060240338	0,092986491	0,038464179	0,093064034	0,087054883	0,076137729	0,001039234	0,039019518
162	0,01991776	0,076757253	0,021556066	0,005898548	0,071759656	0,020274917	0,078722162	0,03544705	0,008289935	0,098541059	0,024980978	0,009381284	0,038079064
163	0,018042101	0,073185761	0,061003026	0,081068987	0,048684998	0,063110427	0,087936695	0,068003698	0,02807357	0,032510387	0,061718028	0,019577597	0,042269145
164	0,07265674	0,091447924	0,051993024	0,091743062	0,035870635	0,093486446	0,083735768	0,04920386	0,048580827	0,052776894	0,027162984	0,004712907	0,025055305
165	0,026578795	0,06693783	0,025472334	0,016739291	0,03187974	0,041651349	0,085039715	0,059787215	0,033647925	0,062965626	0,027063651	0,003385059	0,035378367
166	0,012836318	0,094158131	0,05687269	0,063371551	0,071846744	0,077096135	0,023771919	0,026166757	0,020452452	0,0989107	0,096309088	0,099379796	0,098703167
167	0,067099282	0,052795302	0,06748949	0,035720726	0,020611917	0,072118085	0,048231604	0,026956154	0,029449742	0,084920693	0,026165357	0,032303952	0,099367573
168	0,061321781	0,054950027	0,028554092	0,025231479	0,010133015	0,060143722	0,087485833	0,045853905	0,027098324	0,010363879	0,036023081	0,09192708	0,046272119
169	0,047791937	0,027975896	0,076593497	0,044829195	0,029185404	0,008569745	0,001007728	0,052175187	0,088514273	0,064551133	0,050336812	0,015184765	0,064481409
170	0,071218962	0,014992537	0,022818052	0,039332575	0,027804802	0,0504496	0,056402566	0,011201929	0,090404111	0,032939105	0,09387623	0,085755751	0,07574316
171	0,015422802	0,025781261	0,053106185	0,076677834	0,054285561	0,08636346	0,048488082	0,082030428	0,088225639	0,044455816	0,069404284	0,082941278	0,007974965
172	0,059924863	0,016845208	0,065197277	0,081592265	0,019028448	0,016718449	0,07306838	0,083926543	0,068991135	0,058048349	0,056204324	0,029476386	0,057781047
173	0,053585909	0,073190441	0,09242137	0,009338654	0,040014977	0,098880522	0,006058208	0,015402306	0,072213974	0,049993325	0,080174004	0,053986746	0,000817895
174	0,004005446	0,091031914	0,064216045	0,019855916	0,071097197	0,09031839	0,062095649	0,040700841	0,095426681	0,01062762	0,036621511	0,034608187	0,063987294
175	0,081981619	0,022617984	0,064459713	0,006612535	0,07303389	0,016017012	0,086861603	0,082384925	0,078605408	0,085000483	0,006167453	0,073133525	0,050302473
176	0,002556108	0,099107324	0,006083203	0,048015943	0,037086442	0,085905615	0,054969243	0,046676671	0,066677971	0,046275967	0,078448135	0,000127829	0,020753968
177	0,073819137	0,001309432	0,03261832	0,0512945	0,054103485	0,034794005	0,008862638	0,04607498	0,051408841	0,027110832	0,069887677	0,061447088	0,032131493
178	0,028187481	0,007738479	0,008863821	0,04237	0,081395666	0,059567263	0,092541224	0,00708368	0,044166341	0,09603599	0,073766946	0,076842434	0,01388728
179	0,082012724	0,04785546	0,080479652	0,084787243	0,012111714	0,025788473	0,07277485	0,070180678	0,03510069	0,03779557	0,092484874	0,047705308	0,043170808
180	0,01972587	0,023283544	0,00977108	0,063077227	0,096171951	0,083588903	0,041729541	0,057637895	0,011187876	0,073516275	0,071550149	0,07452495	0,075142795
181	0,078970522	0,029242485	0,031932517	0,083726245	0,081220381	0,05145376	0,075129148	0,098055917	0,032984317	0,093885931	0,026802036	0,011571561	0,032857268
182	0,085065978	0,005023462	0,037318276	0,028211547	0,076556985	0,015860676	0,05514669	0,044097277	0,075687198	0,001225669	0,031703733	0,023000503	0,02388249
183	0,028787397	0,000530718	0,038866299	0,034938928	0,083961321	0,018328592	0,058563534	0,056352863	0,081560979	0,047202654	0,035572164	0,003859569	0,073508243
184	0,085647048	0,089435466	0,071492036	0,087169975	0,011236761	0,012838158	0,014889991	0,001954639	0,005470283	0,074327717	0,083023879	0,03456352	0,097627116
185	0,01234282	0,039737597	0,044796737	0,074079086	0,067533139	0,091820051	0,025295269	9,06E-05	0,076221005	0,010035114	0,09047161	0,031493651	0,089324806
186	0,065679863	0,037571869	0,006124409	0,043580518	0,096653981	0,057152963	0,088703517	0,090148728	0,063862288	0,096729282	0,079925512	0,066277852	0,020900749
187	0,092296699	0,092643668	0,035900453	0,072058993	0,025974436	0,086232491	0,01978757	0,099531399	0,077696316	0,054857739	0,057528381	0,098608243	0,09490643
188	0,063856144	0,003620458	0,063710207	0,029169156	0,019016188	0,099952668	0,034473042	0,095876354	0,035300182	0,08253519	0,045051799	0,077391519	0,018592177
189	0,013480554	0,031930235	0,00803882	0,020287598	0,064489305	0,047311997	0,054168908	0,0761496	0,070751845	0,083626471	0,062780131	0,001562687	0,062364672
190	0,039353994	0,037458775	0,067027377	0,033516522	0,016235439	0,095463718	0,069451942	0,022239169	0,089166806	0,047964129	0,054453874	0,055704652	0,038161808
191	0,018386107	0,002796648	0,043335302	0,053432077	0,029577118	0,073046742	0,036153188	0,094491909	0,083892003	0,069837979	0,025456858	0,069665264	0,027789765
192	0,074811145	0,024893899	0,070415602	0,020412677	0,060231437	0,034569457	0,095840586	0,087556161	0,036742995	0,013682682	0,076838876	0,090743103	0,0571474
193	0,05764772	0,078666143	0,059953599	0,031347185	0,027154298	0,020042496	0,095672543	0,076013282	0,007525227	0,039789627	0,067731343	0,014000035	0,070812325
194	0,023633086	0,055289057	0,040714449	0,075105052	0,040233484	0,024441091	0,087045359	0,013749451	0,068066468	0,014716327	0,076921864	0,052044293	0,044668909
195	0,058353649	0,082303437	0,027189945	0,010519683	0,01335021	0,057059318	0,05448942	0,096906509	0,02343399	0,089982244	0,013071	0,093630219	0,047583448
196	0,019394382	0,067132177	0,045422399	0,044767397	0,083753987	0,013252022	0,045746663	0,043273289	0,090862073	0,050091562	0,004239307	0,011368806	0,079170458
197	0,077195841	0,082365051	0,059769274	0,076459211	0,029600243	0,097784426	0,096753032	0,069309331	0,011829061	0,068848867	0,016847956	0,048451947	0,072275526
198	0,043912249	0,084997398	0,092788272	0,08153078	0,072766564	0,051193146	0,00510368	0,096827242	0,08665736	0,03731351	0,051020841	0,099428927	0,005308551
199	0,012921691	0,081700592	0,022387463	0,071047252	0,05922206	0,045744301	0,072669442	0,037506181	0,01749313	0,005550238	0,055646358	0,082731699	0,000687004
200	0,034586638	0,085781588	0,048175406	0,01934432	0,088299849	0,060702307	0,00740784	0,065309357	0,005658254	0,014851264	0,059326479	0,090073366	0,082020764
201	0,093852667	0,059975745	0,088087809	0,075025672	0,069294868	0,077542499	0,003144084	0,017446681	0,047199141	0,003166715	0,091300668	0,035278503	0,089926832
202	0,080152369	0,044441077	0,083403636	0,098662697	0,024700885	0,052526094	0,087397131	0,001965689	0,046191834	0,03924532	0,006908431	0,099520189	0,017288738
203	0,018176184	0,02702451	0,016916836	0,036063773	0,069710224	0,048660996	0,017675451	0,061649196	0,033948403	0,087712368	0,08639328	0,086032888	0,045949474
204	0,060148162	0,072690125	0,083458945	0,052135207	0,061097212	0,020219655	0,0827793	0,007578139	0,017758547	0,009778536	0,025287561	0,060233715	0,056138826
205	0,079796928	0,05273218	0,03070682	0,049607126	0,080397716	0,078559534	0,067578377	0,020420275	0,021995648	0,073807202	0,025078193	0,062412268	0,031932152
206	0,074848784	0,031146879	0,039116792	0,021402891	0,00521283	0,020724828	0,078916497	0,05899008	0,088331293	0,087314618	0,031480703	0,038911067	0,037666913
207	0,077249819	0,062569589	0,015210478	0,082366329	0,004009034	0,025070933	0,047344516	0,033676789	0,020446855	0,07915795	0,061639752	0,019710836	0,054787465
208	0,037329953	0,042933829	0,05223235	0,03672514	0,008630921	0,061648253	0,05087701	0,020449208	0,060422011	0,027361183	0,025184462	0,017447259	0,089448061
209	0,052899687	0,058158155	0,026493732	0,04461271	0,091395046	0,091230653	0,088264039	0,029480425	0,050041756	0,078097014	0,011942361	0,001591282	0,003208725
210	0,075612657	0,026055418	0,00940854	0,056633065	0,031979106	0,063712702	0,042948427	0,063861882	0,076591633	0,018639399	0,013635023	0,051390715	0,097313483
211	0,055730759	0,025089799	0,0207041	0,091718603	0,061754581	0,029083722	0,067279639	0,016293838	0,021256345	0,004893947	0,080117548	0,052338241	0,091817098
212	0,027614122	0,042245338	0,008952401	0,077105647	0,048434038	0,061598136	0,014934123	0,02283599	0,011897031	0,012079169	0,003465518	0,083568053	0,02171328
213	0,076096316	0,055159147	0,098807325	0,074773929	0,056646946	0,031086656	0,025814438	0,018698323	0,029400782	0,01126976	0,016196117	0,093995825	0,077960809
214	0,068114573	0,050079034	0,099738164	0,041470839	0,079232605	0,00318041	0,098512895	0,074594248	0,021403951	0,017063602	0,027727446	0,070007545	0,03159572
215	0,017650781	0,033630772	0,088907449	0,030864053	0,048589029	0,079601067	0,079752201	0,008493331	0,020929369	0,088946665	0,091267558	0,021240879	0,078863214
216	0,005911539	0,010491936	0,050547137	0,017983624	0,042481363	0,017416436	0,018792669	0,053124585	0,03166044	0,044276597	0,068582883	0,024973967	0,077270891
217	0,016828856	0,093436728	0,007188725	0,042199749	0,058139623	0,015342778	0,050799683	0,097637817	0,060290373	0,083200961	0,038316678	0,063322158	0,055768193
218	0,088825252	0,084621384	0,031797202	0,001207321	0,096074482	0,084484062	0,090952308	0,064463855	0,065987377	0,055181516	0,095142268	0,027333726	0,014289157
219	0,098622379	0,054633748	0,004163566	0,093022579	0,090846149	0,065513827	0,042571754	0,034827115	0,029841995	0,053820438	0,074561768	0,009671282	0,04321997
220	0,06785583	0,070713953	0,089990211	0,0614785	0,049157276	0,095671592	0,002241367	0,067631372	0,084745194	0,049528279	0,066063778	0,038836717	0,000961888
221	0,088990888	0,061545376	0,078989238	0,005289933	0,004400618	0,051583481	0,034215826	0,030182007	0,037750659	0,051976622	0,013207574	0,036828143	0,033082624
222	0,014835401	0,045622808	0,028713281	0,090018337	0,04418149	0,021347456	0,076129033	0,041190194	0,031120225	0,030295384	0,031460155	0,079321021	0,025780701
223	0,015553898	0,080233052	0,03928411	0,019327433	0,066561125	0,067302994	0,03675213	0,018761429	0,044799247	0,055958739	0,033205306	0,083257023	0,048127087
224	0,048294131	0,010441394	0,054321192	0,03881319	0,031220316	0,05289918	0,091452683	0,054232998	0,040033383	0,011818146	0,097544539	0,048177631	0,085455382
225	0,082573483	0,025346609	0,092987562	0,067330321	0,078064495	0,089468011	0,05843726	0,052134854	0,032192803	0,01796268	0,052089364	0,088714312	0,083091038
226	0,060569595	0,062018323	0,03350294	0,072116629	0,002988044	0,056893561	0,028863421	0,059383112	0,02645538	0,07277604	0,090759177	0,055232952	0,016454805
227	0,024174336	0,070374426	0,04573999	0,084230025	0,005833511	0,066824623	0,001358198	0,075951892	0,009484452	0,048389645	0,008927856	0,013785614	0,094352708
228	0,02771163	0,007483558	0,03270938	0,035107878	0,005129725	0,023939903	0,099147269	0,012919914	0,043592033	0,029944956	0,027994126	0,07659864	0,089136654
229	0,056159266	0,037428352	0,076164931	0,061748053	0,042852917	0,069937869	0,095274171	0,065183024	0,051972429	0,014855691	0,014749833	0,028419397	0,034054475
230	0,07642777	0,047610948	0,076831699	0,087977774	0,011560881	0,023639988	0,037003133	0,078232774	0,005630154	0,034307621	0,029843493	0,092371095	0,067353319
231	0,003947948	0,067902874	0,099941156	0,037826423	0,045101008	0,084195233	0,062277515	0,045207052	0,007441911	0,056070422	0,025050256	0,060468394	0,071255178
232	0,095759934	0,038505903	0,005994971	0,027063468	0,078293947	0,098413316	0,091314793	0,019673943	0,089916332	0,020562766	0,057539612	0,088119266	0,050508118
233	0,048121509	0,028026568	0,084829946	0,043028452	0,011597915	0,057434505	0,084396913	0,075852691	0,009916618	0,022258582	0,002470631	0,000901139	0,012475217
234	0,015235812	0,05303301	0,042433358	0,042898635	0,084352838	0,012214982	0,060356179	0,040700938	0,02761032	0,069279002	0,073695429	0,022169579	0,002488421
235	0,00678949	0,024656583	0,002609603	0,051008743	0,005154038	0,042172054	0,024081346	0,072800318	0,05294828	0,029638705	0,021497638	0,019156911	0,052645055
236	0,08038543	0,086976235	0,000837189	0,007011679	0,048934439	0,01021363	0,027100154	0,001153436	0,044665581	0,057581301	0,094685502	0,02288326	0,048240857
237	0,006597287	0,019670525	0,034685472	0,010943871	0,035563715	0,0065683	0,098356038	0,010089677	0,010150327	0,006334077	0,03228188	0,021163717	0,041651349
238	0,040329738	0,008181228	0,056280383	0,002732207	0,052995367	0,060095592	0,020204284	0,072889915	0,041063586	0,090039457	0,065248047	0,070745865	0,045230192
239	0,032539058	0,008194284	0,048995907	0,039016757	0,0401528	0,071656083	0,040427152	0,072920245	0,062951872	0,081949319	0,01264284	0,065634664	0,086806306
240	0,006585432	0,052324786	0,072738689	0,052031971	0,014928772	0,022326999	0,066044709	0,03661246	0,046171743	0,003998031	0,025173649	0,060358709	0,052591232
241	0,019055699	0,010306706	0,025839078	0,098838642	0,07863264	0,078933282	0,016499083	0,086470722	0,021451932	0,051502776	0,097892627	0,047716624	0,070387085
242	0,070908503	0,005867606	0,039885838	0,009040735	0,003394092	0,011377086	0,024251677	0,011412657	0,084976805	0,088256329	0,010771815	0,072971344	0,079795162
243	0,053789503	0,063810498	0,078959743	0,000809177	0,089171737	0,097884694	0,049368837	0,028310789	0,024596088	0,050676483	0,032100075	0,02573153	0,032224309
244	0,000886286	0,039830604	0,097570712	0,045740137	0,014505861	0,011044524	0,053291328	0,017006316	0,027068932	0,072579623	0,040082445	0,09897435	0,064734988
245	0,02384748	0,083434185	0,078133215	0,053961978	0,04929292	0,050484206	0,084405132	0,049527657	0,068987809	0,031287899	0,010978094	0,008520047	0,098655244
246	0,088939791	0,083325482	0,042911069	0,054558231	0,075334244	0,021651935	0,083394481	0,029696665	0,099333114	0,062394663	0,018169597	0,084080847	0,007617986
247	0,082347898	0,057225432	0,036534025	0,013424995	0,066348709	0,091257982	0,013846168	0,029697561	0,023325804	0,025628735	0,054778935	0,066247275	0,033632926
248	0,087149742	0,077047179	0,09460536	0,003017358	0,035554313	0,050411445	0,022233984	0,078933778	0,03371174	0,049667172	0,075415754	0,008948886	0,00075112
249	0,008898273	0,011385488	0,066851276	0,058543908	0,073920919	0,000168428	0,006356167	0,092125872	0,030475594	0,037703655	0,095547465	0,094804468	0,006093031
250	0,089795041	0,027725146	0,07045504	0,058463778	0,024925667	0,067468423	0,042397068	0,057292814	0,098368709	0,017230585	0,089236835	0,034755245	0,012064987
251	0,068813772	0,056151916	0,093220891	0,032584253	0,075939985	0,025423968	0,062362884	0,049374303	0,099683142	0,057764711	0,002403521	0,07794132	0,06326516
252	0,081124009	0,018606854	0,097867813	0,06267595	0,005735935	0,08033116	0,026129643	0,026620236	0,020370287	0,076006618	0,094364023	0,092309583	0,084989656
253	0,069040839	0,053122852	0,012197737	0,040688408	0,00708317	0,05896038	0,026821492	0,020766473	0,080389698	0,053983389	0,094777592	0,051156324	0,070309279
254	0,002760485	0,038495817	0,078138203	0,063080548	0,055613434	0,09038811	0,04870966	0,016783796	0,049509779	0,087274163	0,010565778	0,014277187	0,049897957
255	0,003934953	0,099161384	0,085664482	0,031699507	0,062434403	0,076598503	0,085915253	0,067275602	0,033749648	0,07568116	0,040606986	0,010259453	0,012333728
256	0,055638598	0,043156001	0,05007306	0,088831435	0,082358095	0,082077933	0,04279244	0,013584121	0,022256768	0,048372116	0,078106423	0,073017766	0,057368205
257	0,086915101	0,044420603	0,023112495	0,066969884	0,015247213	0,017250928	0,086146697	0,083025546	0,037333498	0,09597253	0,021734852	0,014565118	0,059015209
258	0,062213389	0,055709358	0,007266214	0,009303752	0,092926794	0,084134632	0,063229831	0,040727069	0,096588476	0,015446138	0,046715263	0,013912277	0,099593087
259	0,04575512	0,052628073	0,085837968	0,007719642	0,075753173	0,043933107	0,076324503	0,062062706	0,045079262	0,002084222	0,019647921	0,058843104	0,079913934
260	0,061862315	0,099583055	0,077237058	0,050567947	0,043724504	0,074075127	0,079329678	0,065329095	0,089569469	0,081771173	0,04010335	0,043335354	0,023005625
261	0,02068195	0,034715674	0,046302148	0,003104274	0,07484413	0,03083878	0,033619754	0,080560099	0,092982732	0,022850233	0,070569168	0,08123039	0,006242183
262	0,074018136	0,032818868	0,096424179	0,036094251	0,021130569	0,076138673	0,055251188	0,010198763	0,043578154	0,091715288	0,036020078	0,043256463	0,096323683
263	0,005903532	0,048761524	0,058534126	0,0780908	0,003862549	0,084804155	0,020218579	0,032249314	0,080761315	0,005628291	0,097857969	0,028569058	0,077844497
264	0,062209407	0,01236004	0,023226511	0,05053706	0,063143097	0,032172455	0,017752245	0,038810573	0,059696811	0,074638401	0,062490867	0,030517482	0,086472129
265	0,038959246	0,038757657	0,066909974	0,016847206	0,050025423	0,030992208	0,008660998	0,02387662	0,08895748	0,088943401	0,019847703	0,096651045	0,006793594
266	0,078016028	0,065810693	0,022180525	0,065577812	0,054617264	0,072467535	0,031237255	0,087443863	0,089968346	0,055017295	0,016402741	0,080881078	0,093028555
267	0,095636616	0,016540136	0,010939147	0,074673397	0,014626648	0,006416548	0,024555664	0,087844987	0,054651869	0,012508068	0,084998608	0,077518023	0,024948313
268	0,086176828	0,035535211	0,027731171	0,058484926	0,088014773	0,043961818	0,076499911	0,087776109	0,073929329	0,071646523	0,094066456	0,089500489	0,091255131
269	0,073510367	0,039384819	0,089804544	0,024038065	0,040553549	0,040185052	0,00925968	0,063941452	0,006852044	0,017701346	0,027908928	0,075381864	0,038191076
270	0,007301317	0,063969356	0,055326106	0,033458611	0,064184784	0,024966428	0,031867943	0,044093248	0,082353948	0,001562407	0,058369472	0,099164677	0,038772078
271	0,061584356	0,082555532	0,040841811	0,016392483	0,03739708	0,003593069	0,050638536	0,05977818	0,037108621	0,038847714	0,069001583	0,063375884	0,035856676
272	0,026272759	0,011767097	0,05403709	0,001518697	0,0618871	0,095466071	0,066925378	0,009486225	0,09879488	0,054815675	0,056576526	0,002621337	0,017857451
273	0,08386101	0,008365863	0,032977383	0,078285279	0,019270339	0,01008652	0,059493312	0,072837183	0,058192365	0,04609992	0,076884329	0,035750225	0,058324651
274	0,02739067	0,034864949	0,045126055	0,069255359	0,015559064	0,085441169	0,070543792	0,080397318	0,036434735	0,093818148	0,047835786	0,094477871	0,082167086
275	0,013747511	0,03172464	0,018831062	0,038551661	0,005630513	0,089032272	0,015655339	0,048655994	0,035294979	0,09017375	0,041645769	0,011595839	0,078917687
276	0,065826105	0,071538107	0,002346428	0,067616433	0,022891925	0,057901461	0,095041763	0,02625225	0,07400744	0,015587424	0,054927863	0,02873262	0,019858174
277	0,038557577	0,020108543	0,090696738	0,021724951	0,064467465	0,097069799	0,096095647	0,073149124	0,051216742	0,021254313	0,048452834	0,099321454	0,017717129
278	0,074052329	0,084493245	0,022646488	0,042924342	0,009080747	0,056681151	0,001003916	0,04000337	0,017532491	0,09562643	0,016657975	0,075555506	0,018417081
279	0,028153558	0,07156044	0,02357739	0,02848118	0,047657737	0,078721614	0,002744749	0,046299178	0,095733662	0,033449971	0,064052467	0,005304409	0,038549994
280	0,017323208	0,027787158	0,025504301	0,09459031	0,023036712	0,029077952	0,030069373	0,027246805	0,078344227	0,068388532	0,075240877	0,096602072	0,051671516
281	0,02043867	0,019478298	0,039286744	0,042229723	0,093828162	0,024031406	0,060606334	0,028269766	0,047028594	0,061874325	0,059321128	0,085584017	0,028140149
282	0,078594564	0,009869333	0,060199121	0,095056816	0,071475775	0,094171295	0,050779615	0,089810136	0,01929173	0,015814224	0,033070503	0,021897635	0,026842977
283	0,050018005	0,058948627	0,046739451	0,079610188	0,058082134	0,04653279	0,040660999	0,06114793	0,025208859	0,081952798	0,048646894	0,021140229	0,08219799
284	0,018134502	0,084623617	0,06055748	0,044522811	0,072598223	0,044138983	0,011999776	0,086212759	0,093656521	0,051724005	0,003307809	0,029771022	0,067278104
285	0,030423609	0,045445988	0,014497366	0,087217033	0,02496994	0,003781268	0,015865267	0,052151058	0,048213998	0,001679988	0,004645088	0,064860846	0,000505715
286	0,088978599	0,099630291	0,044041352	0,076594771	0,043385032	0,061926029	0,048581054	0,095046387	0,069219695	0,037106866	0,038512279	0,009680924	0,046418075
287	0,088592712	0,016018431	0,063364669	0,082707876	0,042544906	0,095417427	0,075020948	0,036396809	0,053174986	0,031592182	0,02254635	0,05933001	0,047668515
288	0,02162198	0,076002206	0,014526453	0,043183507	0,085978982	0,043925091	0,067728934	0,070824324	0,057698889	0,025815818	0,041974397	0,005448859	0,078405259
289	0,069117209	0,010761224	0,033576962	0,07616039	0,030018236	0,031736613	0,058234577	0,095738256	0,084727299	0,002790624	0,004385723	0,012828435	0,085888345
290	0,062759651	0,069156832	0,097224262	0,026099408	0,028581886	0,08755124	0,057156782	0,02749572	0,096945073	0,087071191	0,012681933	0,006521024	0,094334146
291	0,052398688	0,064425116	0,010435032	0,055812758	0,056142008	0,012955509	0,005715913	0,007382203	0,029494979	0,042103475	0,02533001	0,071814776	0,053280947
292	0,095705535	0,010328981	0,049322987	0,029168378	0,03457282	0,092093247	0,067557487	0,006489629	0,039880984	0,083340769	0,041957352	0,053193468	0,05832027
293	0,02929796	0,009588662	0,055591265	0,077407908	0,056815677	0,008700322	0,025790536	0,094370546	0,063280374	0,04287379	0,023110517	0,077247687	0,06822099
294	0,036362189	0,069110597	0,077715051	0,016108886	0,070844601	0,086667146	0,09037566	0,041856714	0,082773965	0,079322217	0,079143939	0,009741451	0,07615999
295	0,036226064	0,015573756	0,010381687	0,071148429	0,027008533	0,000357694	0,090301249	0,066921293	0,095978498	0,053443397	0,050747407	0,073433977	0,052707608
296	0,094233168	0,077196387	0,079448356	0,065425139	0,095028857	0,003227371	0,036814418	0,098883465	0,077363169	0,089529336	0,009819294	0,060515436	0,061080925
297	0,064063514	0,090347422	0,044624295	0,043251231	0,037455436	0,061168629	0,008574751	0,084458932	0,063658674	0,058327792	0,015430974	0,042923383	0,026680202
298	0,06299825	0,056777422	0,06745011	0,072025926	0,030873815	0,082794368	0,06945489	0,002349953	0,087873006	0,042484654	0,031407705	0,099510573	0,055025578
299	0,007835507	0,018268435	0,043905873	0,066053342	0,069474069	0,050064094	0,095854801	0,042144841	0,024732915	0,007050633	0,059734176	0,090095208	0,050088115
300	0,042395139	0,076346791	0,068366787	0,079049256	0,051747351	0,031216848	0,008321301	0,009067901	0,099608051	0,060954087	0,046495731	0,003792863	0,026640252
301	0,013103551	0,089592856	0,075997002	0,05284991	0,035256051	0,079750598	0,024188758	0,085194181	0,068115094	0,098988733	0,016768689	0,023167943	0,006240493
302	0,014128885	0,003181966	0,096536466	0,062754846	0,080346135	0,048735126	0,035291836	0,030487598	0,029281215	0,032320113	0,075953025	0,096704579	0,057881473
303	0,058556263	0,012217296	0,051524836	0,047456377	0,090235297	0,021502411	0,026208823	0,011834866	0,047394075	0,059102173	0,002124543	0,000711823	0,073774705
304	0,071197068	0,057756325	0,025217796	0,056318804	0,043815599	0,097412466	0,02182298	0,088037552	0,073564571	0,087348992	0,082420913	0,041855358	0,024840267
305	0,018685034	0,053878445	0,013264871	0,038343895	0,019792739	0,071699069	0,086654018	0,069550945	0,031561197	0,054125	0,007850749	0,014755593	0,00220021
306	0,016850356	0,022894811	0,079844158	0,094103894	0,025593628	0,051842449	0,085843586	0,016700484	0,063843242	0,066672884	0,061500833	0,074437274	0,032260733
307	0,087540307	0,044628494	0,03926154	0,035593537	0,073925544	0,057243941	0,033178816	0,018044159	0,085032798	0,050948591	0,036329521	0,003685022	0,099400042
308	0,075163933	0,026317964	0,022729468	0,070404976	0,05351449	0,053429832	0,020992361	0,057810494	0,013192852	0,088443016	0,020085124	0,066141363	0,056416573
309	0,020177388	0,098289107	0,089053529	0,048781527	0,036679059	0,009986269	0,032207218	0,041890143	0,008356517	0,023086695	0,059560443	0,008914022	0,019183989
310	0,092910968	0,072242764	0,051825728	0,082209944	0,001592942	0,040832583	0,085966338	0,0949025	0,008627962	0,098260056	0,07338863	0,09489593	0,019481735
311	0,02761738	0,021107677	0,06156523	0,066590028	0,061726955	0,052628782	0,094779285	0,076662628	0,043131478	0,092172074	0,09799524	0,050638952	0,096528092
312	0,048278566	0,084310869	0,097816535	0,005913044	0,070724198	0,000461797	0,030162155	0,072652466	0,0825534	0,092547693	0,060943558	0,071422159	0,059464375
313	0,035656362	0,064745411	0,079403046	0,018064059	0,050296281	0,079454763	0,090680776	0,081356218	0,033882502	0,092112862	0,042120372	0,051712847	0,018540612
314	0,07010024	0,091112119	0,065892818	0,016199656	0,04986971	0,080504154	0,039889785	0,041074778	0,071645746	0,062654887	0,08371962	0,093295292	0,077512752
315	0,090930711	0,030950105	0,008378968	0,066477355	0,088316017	0,027340033	0,079094583	0,089669464	0,087449766	0,090204244	0,095790904	0,066707002	0,050095705
316	0,006117207	0,07688271	0,034983896	0,031210485	0,063224228	0,068337282	0,044141304	0,075895458	0,034064239	0,062445881	0,02758599	0,083294565	0,086883787
317	0,027132721	0,073673381	0,045631575	0,088808168	0,045223432	0,084894305	0,023884179	0,054217618	0,068802735	0,029109379	0,031992104	0,069193072	0,004909647
318	0,018822328	0,022479834	0,055535434	0,098159484	0,044048691	0,066778872	0,069637635	0,072412218	0,004569089	0,057850137	0,096045482	0,069114019	0,062499726
319	0,067219517	0,037757411	0,001175894	0,054934421	0,050829285	0,048912195	0,032669398	0,064283389	0,028025287	0,037338955	0,028899141	0,06188992	0,092854706
320	0,028297745	0,034127509	0,055018607	0,069793295	0,010255619	0,083198118	0,043372443	0,081452825	0,062264107	0,013361344	0,038614585	0,01158083	0,043809348
321	0,039232348	0,032919379	0,016861938	0,097021218	0,023918296	0,04402254	0,091938493	0,029905426	0,015284782	0,054507095	0,056518168	0,002521416	0,095700447
322	0,058937351	0,045009486	0,061150383	0,072075018	0,0057603	0,012593388	0,056295683	0,006992464	0,005173202	0,07107968	0,056143516	0,0646264	0,046916494
323	0,09890218	0,038010479	0,014595509	0,016444553	0,083988456	0,031322431	0,00292989	0,097223863	0,061202717	0,012527507	0,046742771	0,060697048	0,097951171
324	0,00227791	0,080851834	0,059459883	0,085860516	0,070064033	0,004071274	0,004796683	0,021253313	0,088529438	0,039604546	0,033132159	0,005946721	0,077682785
325	0,064122389	0,083466751	0,064933962	0,032082139	0,00394338	0,012885305	0,095824924	0,078908803	0,064768567	0,082980674	0,054775892	0,032806112	0,075888296
326	0,035633573	0,084622141	0,070687501	0,097464043	0,060078982	0,049074754	0,096792151	0,029803131	0,092064007	0,088917164	0,052838222	0,033064545	0,020586986
327	0,099790743	0,036787167	0,044564691	0,017219228	0,000772653	0,003313774	0,004290898	0,096994768	0,03567086	0,084861428	0,029242751	0,072843324	0,004748432
328	0,042801679	0,094330579	0,030253454	0,019677072	0,07241371	0,094413481	0,049810376	0,094572381	0,074328961	0,088979932	0,009409479	0,031560576	0,071838108
329	0,069220616	0,003403493	0,050873305	0,097206259	0,055329609	0,050214346	0,003203558	0,084903436	0,03015223	0,017034711	0,027870026	0,039834685	0,013086883
330	0,022909338	0,03433325	0,071022675	0,021630886	0,09932146	0,010763558	0,031372059	0,035202564	0,071640566	0,055981528	0,027157675	0,075738951	0,068734921
331	0,062018355	0,09002045	0,026478126	0,062358978	0,090726586	0,070367067	0,051142161	0,040792848	0,081719504	0,052573442	0,05953179	0,075643301	0,082939989
332	0,006095679	0,041718186	0,045705977	0,013076545	0,05815994	0,088180288	0,086314702	0,090429953	0,067642678	0,023089879	0,072985474	0,02113517	0,071258283
333	0,075516764	0,007406465	0,024412359	0,075166659	0,075632941	0,076835117	0,006242682	0,050608278	0,090422981	0,086897948	0,038269781	0,0707442	0,076601233
334	0,056350681	0,014916679	0,005322891	0,036202511	0,049778894	0,053345183	0,080207317	0,058780845	0,075625514	0,071259189	0,057854341	0,089142453	0,087974753
335	0,053926699	0,006948715	0,020136007	0,027920309	0,048053548	0,041018931	0,073790652	0,029291373	0,024143681	0,076020445	0,010252348	0,060830621	0,035199771
336	0,088370739	0,095107628	0,015150562	0,056994262	0,082112675	0,08107303	0,008414622	0,056267114	0,069823024	0,028095511	0,099433739	0,079970962	0,074894928
337	0,046643643	0,071727058	0,064916296	0,030467492	0,024207174	0,014639626	0,037134146	0,046254175	0,014115256	0,098960293	0,079449339	0,069560694	0,027698323
338	0,016957732	0,047833696	0,080910174	0,052008739	0,093174944	0,035961619	0,079550482	0,03730114	0,020646468	0,052225326	0,01791537	0,037090027	0,016544716
339	0,05511654	0,053133625	0,082241077	0,030213723	0,047671516	0,059437521	0,088457604	0,099876752	0,045778891	0,029751292	0,045510971	0,011479625	0,034894657
340	0,0755069	0,066253845	0,073730281	0,042599096	0,035705246	0,034120849	0,006048814	0,045213111	0,097318958	0,023427184	0,093456818	0,02995431	0,0337175
341	0,011185477	0,069189822	0,063644121	0,099654423	0,02391289	0,072661298	0,014948218	0,021300491	0,098852827	0,086672879	0,01094289	0,050185358	0,030283515
342	0,066502317	0,010715984	0,001188143	0,046228477	0,008882147	0,068862541	0,017080541	0,00941216	0,016418372	0,074861352	0,016846979	0,053805131	0,071174622
343	0,098023943	0,067579218	0,027005502	0,085145932	0,069669829	0,035310356	0,081503428	0,05467551	0,075883847	0,080051317	0,013059094	0,026934003	0,039462877
344	0,038266917	0,012365664	0,049542114	0,000105633	0,085201005	0,081152546	0,089390119	0,037149029	0,065550959	0,048966805	0,048184915	0,035059332	0,090576409
345	0,064422534	0,033506178	0,00568497	0,036547214	0,012126804	0,073935491	0,024449536	0,065884528	0,023790116	0,096281435	0,014029611	0,05605237	0,07081784
346	0,09965018	0,086744108	0,032826551	0,075799391	0,057461343	0,063247963	0,047283141	0,076600191	0,06015974	0,050582846	0,054159417	0,066843048	0,043477834
347	0,00530376	0,024202628	0,02679205	0,097009644	0,09682622	0,008285079	0,055322682	0,049009533	0,016351986	0,028931833	0,039895237	0,036677966	0,088883527
348	0,019324959	0,048369182	0,09941531	0,054868896	0,042184669	0,070422253	0,061614631	0,017479268	0,055064992	0,017967622	0,007312394	0,052424201	0,00226423
349	0,01719684	0,048551937	0,044744326	0,046950113	0,081172473	0,086626132	0,01146423	0,077943658	0,001496494	0,064636541	0,032193293	0,001097767	0,03017425
350	0,084137954	0,062500398	0,09937685	0,08716782	0,059874819	0,077188428	0,006531355	0,024820314	0,004487528	0,092618978	0,074681032	0,030933556	0,033813355
351	0,075844189	0,066159068	0,071187932	0,07213237	0,04171568	0,066013331	0,077945143	0,046278037	0,0672071	0,03424189	0,066328394	0,069524359	0,013043904
352	0,00948054	0,053146147	0,086884704	0,092330912	0,098078802	0,005059452	0,083433475	0,018023727	0,040582796	0,045169795	0,061514225	0,043153177	0,010121104
353	0,03383318	0,040259425	0,02557401	0,092261365	0,039540136	0,006185239	0,04146821	0,056275283	0,016415125	0,017688095	0,046739184	0,084166382	0,058000234
354	0,056287139	0,019170104	0,015182892	0,018653205	0,03091369	0,073307815	0,071753372	0,027112512	0,07827235	0,061149632	0,097061394	0,096866712	0,023300563
355	0,040285849	0,053685389	0,022716415	0,085843496	0,058056554	0,063602128	0,043673211	0,093091248	0,088924713	0,03875935	0,093857327	0,056289676	0,057303836
356	0,019552517	0,045844735	0,093872578	0,079576456	0,042266136	0,086587466	0,057820378	0,079414023	0,051605431	0,09326397	0,090737802	0,003537274	0,093841024
357	0,033488867	0,015478204	0,012553157	0,024043404	0,097426994	0,092723787	0,091428897	0,038348634	0,05185769	0,008230897	0,058853313	0,03597063	0,083384265
358	0,050703193	0,00709446	0,007550824	0,002483582	0,031958764	0,009042737	0,075476386	0,066397372	0,026431978	0,092472646	0,089381009	0,097550904	0,074011834
359	0,027330373	0,002529506	0,052634637	0,053364455	0,09357366	0,026061399	0,073274112	0,073465791	0,079244008	0,081024249	0,016470205	0,025689015	0,030258121
360	0,077064719	0,021576387	0,052652257	0,012104085	0,028292204	0,093061979	0,002281767	0,000365718	0,053370539	0,041881371	0,003596156	0,08757997	0,090529411
361	0,048594014	0,066297551	0,017924653	0,008470165	0,03379512	0,061206401	0,028054772	0,074108865	0,087724106	0,040123918	0,001262603	0,024194079	0,002740779
362	0,060117935	0,011706435	0,050220281	0,071252073	0,040798319	0,047769471	0,00365118	0,007630925	0,024778031	0,030102805	0,09823977	0,079872608	0,038886819
363	0,01732898	0,046992683	0,096396734	0,057869635	0,073861028	0,061117028	0,085076207	0,029969527	0,087517379	0,035990277	0,084107094	0,064945168	0,079926742
364	0,003984389	0,085651386	0,031484121	0,072497973	0,096983514	0,0560952	0,036592585	0,094812173	0,022582909	0,04606406	0,04170893	0,008003316	0,00499556
365	0,010994171	0,03984589	0,007668377	0,089942816	0,043841303	0,061580754	0,022738658	0,050256107	0,081795117	0,011681192	0,050590441	0,062434952	0,046736196
366	0,042311383	0,072485674	0,085063199	0,083760674	0,084744862	0,008509922	0,085029267	0,043195664	0,096303312	0,032534776	0,093842904	0,06500044	0,022581235
367	0,032287747	0,093933448	0,06610381	0,001743973	0,055936202	0,04224368	0,024234081	0,069764475	0,043161524	0,003759556	0,087795237	0,070422492	0,076438473
368	0,075211226	0,069362958	0,047728359	0,026277371	0,027192029	0,008752576	0,062834216	0,032296896	0,024075639	0,003852426	0,001191522	0,01128572	0,058040812
369	0,097001016	0,049942231	0,00318403	0,040697911	0,071729553	0,055638272	0,017545191	0,058793426	0,012478361	0,001490148	0,063132378	0,074203715	0,064377394
370	0,019862663	0,013354947	0,020007745	0,059126512	0,090808918	0,039550223	0,06799412	0,00945988	0,039087427	0,039598415	0,016678572	0,043350117	0,032095553
371	0,059653611	0,086747336	0,074445781	0,026560792	0,042239578	0,082370368	0,045989252	0,04227322	0,047301636	0,062968018	0,087454527	0,058032102	0,04031233
372	0,079479814	0,02774252	0,025309258	0,015644244	0,033936819	0,074179425	0,09306183	0,071902196	0,014601704	0,025448329	0,007754307	0,037572476	0,036506213
373	0,095447049	0,039741819	0,076092999	0,075286683	0,050995447	0,090990356	0,015791971	0,094043174	0,043558327	0,022711593	0,056414574	0,047322434	0,083031964
374	0,033662572	0,01232656	0,046136924	0,011425193	0,050020661	0,073910043	0,04411353	0,025266293	0,073376675	0,09110809	0,087654741	0,06012174	0,002198032
375	0,004085992	0,024316709	0,033753556	0,022094833	0,060578787	0,09286614	0,041103636	0,08334036	0,083405319	0,013084111	0,078799275	0,05799015	0,014264785
376	0,064387444	0,063810177	0,071340322	0,040895017	0,031434763	0,058837192	0,050947429	0,041277573	0,066310887	0,097402686	0,024439434	0,023159893	0,01106412
377	0,095720665	0,036911385	0,019173063	0,050989826	0,076192811	0,026547136	0,087455892	0,068326469	0,018001982	0,084994917	0,009917161	0,011369086	0,022881839
378	0,019401598	0,052879999	0,099788547	0,08777914	0,095302445	0,083342426	0,097673941	0,009469634	0,007598799	0,051131765	0,079917134	0,01302885	0,091584632
379	0,085013263	0,093191227	0,078892042	0,080561366	0,009316831	0,024155748	0,071080751	0,073880694	0,012915502	0,039556804	0,047656261	0,027545376	0,055928909
380	0,043048301	0,032088695	0,066820535	0,029340318	0,083060992	0,018760407	0,055504487	0,078872818	0,06335735	0,086147307	0,031193517	0,043034406	0,005554094
381	0,035683186	0,039448401	0,036738132	0,046656203	0,074413666	0,090443737	0,002598713	0,07609736	0,096936738	0,011542988	0,037736828	0,067255221	0,050106893
382	0,035804199	0,028859122	0,021587433	0,039190347	0,019433185	0,026602817	0,071631316	0,019196696	0,026545885	0,029802892	0,051230175	0,06406523	0,044136646
383	0,085500019	0,049913365	0,081507778	0,083014545	0,006425295	0,054809569	0,094440497	0,081911709	0,068851974	0,066643173	0,068708037	0,00210637	0,033153339
384	0,002983982	0,078591868	0,037669827	0,095586715	0,066501351	0,038799549	0,060963158	0,036192177	0,043617366	0,069326921	0,024984739	0,050491375	0,044714785
385	0,064478252	0,076552541	0,083189372	0,084815915	0,074839336	0,015623354	0,050316271	0,000969403	0,02056413	0,094330722	0,007915387	0,074958892	0,093595486
386	0,001308967	0,003872443	0,079403913	0,025665414	0,066445181	0,069035559	0,03338193	0,042246222	0,08875881	0,078192877	0,092242591	0,019700017	0,093455738
387	0,078070094	0,08672126	0,059662302	0,07445888	0,038782402	0,023263427	0,075364206	0,017744762	0,031954609	0,027042863	0,075609277	0,050499238	0,006638041
388	0,027671986	0,081165587	0,027520073	0,053344053	0,088119872	0,004589971	0,06170551	0,064127649	0,03561858	0,019268305	0,000538766	0,069777863	0,095913459
389	0,001745337	0,03190997	0,053306211	0,045894629	0,063498638	0,064956544	0,010942253	0,020363577	0,014671184	0,064485818	0,069447071	0,043228172	0,089013286
390	0,00507303	0,064370091	0,03964271	0,014298423	0,083024762	0,014745059	0,014127984	0,093849775	0,090743325	0,052340399	0,028545026	0,031971651	0,005284646
391	0,081384393	0,030420701	0,018478927	0,062427848	0,027153301	0,02821031	0,023568327	0,02448062	0,036955704	0,042049736	0,08261516	0,018215071	0,035080522
392	0,07047144	0,000211276	0,069434479	0,07966779	0,018926205	0,041405387	0,048724686	0,031877634	0,099398516	0,01934724	0,088075859	0,058111014	0,063423484
393	0,016815888	0,085381393	0,023542704	0,007025805	0,054275485	0,082474436	0,073308006	0,013130206	0,083144918	0,09064786	0,085429031	0,067973024	0,038272157
394	0,068787035	0,037428215	0,021647573	0,074514189	0,039054967	0,001131445	0,065607143	0,023185798	0,069232095	0,023170155	0,006104301	0,047486008	0,035353448
395	0,054490542	0,039084179	0,001605967	0,040123921	0,022406988	0,004940767	0,053740173	0,052701305	0,002213855	0,041993224	0,033156018	0,001634506	0,050336434
396	0,073282895	0,077251041	0,083368207	0,02096286	0,05760364	0,037428248	0,029747935	0,094450545	0,050631562	0,072543563	0,018618295	0,010881559	0,042375711
397	0,013715007	0,072609772	0,032020189	0,057298958	0,025507753	0,043064123	0,071803877	0,083997623	0,019985639	0,024497322	0,030570274	0,009015251	0,058044638
398	0,00196238	0,044365735	0,050145415	0,09663482	0,094354892	0,038445925	0,001161123	0,007534738	0,057271915	0,075588681	0,041680813	0,088631143	0,089525999
399	0,082153242	0,077517622	0,06739438	0,052722377	0,067881648	0,059899146	0,04372012	0,091616814	0,042479094	0,04683646	0,037053946	0,091784765	0,071953793
400	0,078352951	0,062503348	0,082845254	0,057047818	0,095423134	0,084200524	0,065319956	0,007580114	0,049889901	0,024441795	0,060804269	0,03102742	0,020390661
401	0,092434364	0,068691433	0,080432415	0,008221729	0,05996329	0,006954171	0,079604039	0,006015597	0,016599569	0,035131487	0,036491505	0,099297204	0,031474809
402	0,011122356	0,044799676	0,059234611	0,033188068	0,046274312	0,082602648	0,006149433	0,069854904	0,098755753	0,029725112	0,058096251	0,029006329	0,017381414
403	0,050736536	0,078264681	0,061549144	0,079403241	0,00866615	0,052144468	0,028802365	0,001324468	0,079355444	0,044296107	0,057966231	0,034713645	0,084428211
404	0,031714121	0,017435226	0,025461192	0,003822705	0,046523057	0,00915076	0,093710058	0,004083501	0,022636725	0,069129064	0,088306525	0,078282448	0,067070532
405	0,067731058	0,078452515	0,041691069	0,052443005	0,026824832	0,002349906	0,0294237	0,069267799	0,046105578	0,053165436	0,034793899	0,086344822	0,042391455
406	0,080766589	0,012172185	0,042155269	0,03625433	0,037395671	0,083219421	0,06860656	0,040457239	0,079747337	0,010745358	0,016915025	0,074000601	0,034563974
407	0,010435081	0,065430562	0,081265484	0,084825797	0,045175493	0,065174016	0,023048058	0,044510942	0,084589959	0,016249673	0,015898839	0,006675789	0,050011404
408	0,056066707	0,069079121	0,017639642	0,04407772	0,077615871	0,014096719	0,067794223	0,044500513	0,054808803	0,057028218	0,068458892	0,046914032	0,073871158
409	0,013901697	0,004216308	0,037410866	0,095488212	0,039377997	0,051773182	0,045851101	0,023797342	0,005471945	0,075682361	0,097216075	0,083723392	0,019087499
410	0,016951882	0,093745426	0,036400552	0,029753789	0,079268898	0,04402584	0,021996556	0,082144098	0,091430293	0,027488169	0,016947898	0,05141462	0,04592683
411	0,046110794	0,016005967	0,065441995	0,037590721	0,017690925	0,018022826	0,035115571	0,082059459	0,02822072	0,016721013	0,047948951	0,032479916	0,090262386
412	0,050052405	0,039291869	0,087734434	0,033125833	0,043653339	0,081855287	0,069748219	0,074146922	0,029235161	0,068820644	0,062247656	0,044745265	0,059715133
413	0,053334263	0,023257638	0,004646259	0,068360219	0,034762372	0,055638781	0,036526632	0,051062477	0,089969318	0,049049127	0,022455026	0,025624475	0,018553785
414	0,072039351	0,082847211	0,088778672	0,039106652	0,032283377	0,093254079	0,027417926	0,02871949	0,062630801	0,061528568	0,090919885	0,094550584	0,090741027
415	0,03196071	0,060698721	0,025093312	0,040280985	0,00210051	0,026924069	0,017528382	0,010635124	0,084489723	0,035042476	0,036147367	0,038584074	0,008010528
416	0,049564606	0,028053444	0,090440977	0,097232511	0,074212992	0,023817738	0,079495492	0,000134715	0,028361046	0,044099895	0,056812475	0,064500229	0,041780265
417	0,099588136	0,052488048	0,091879005	0,035366018	0,08341376	0,075716799	0,052545138	0,0500402	0,092293773	0,081238671	0,087893019	0,072849438	0,041614848
418	0,049046165	0,082204743	0,028370693	0,057625297	0,013525975	0,016476317	0,077685959	0,079284092	0,034784026	0,041379024	0,063822546	0,018132198	0,079171556
419	0,077050567	0,017263527	0,019666169	0,040390046	0,067024057	0,037000154	0,054501435	0,063510569	0,068585818	0,005899214	0,085779076	0,057510202	0,019931309
420	0,083988067	0,049253914	0,040334207	0,06051397	0,018654567	0,073569797	0,0440638	0,089619922	0,03655864	0,017578384	0,021528626	0,040602314	0,016255523
421	0,033135871	0,031855076	0,027320974	0,044041719	0,004267919	0,004962088	0,049270528	0,065340358	0,074354861	0,09643569	0,039856704	0,050104299	0,062990406
422	0,083325925	0,001690803	0,045799402	0,03702362	0,085593876	0,002296526	0,082783288	0,005489946	0,096217458	0,049891018	0,024986775	0,045318135	0,003514452
423	0,049558343	0,062747848	0,036052852	0,018290643	0,07766127	0,078625263	0,065292109	0,061776101	0,03421152	0,039299334	0,076945182	0,004093151	0,036508798
424	0,017661954	0,053211937	0,072418436	0,097807057	0,060287345	0,000781185	0,076636735	0,010248789	0,078579226	0,043714463	0,02174321	0,008642381	0,02143984
425	0,010765913	0,04529049	0,091485364	0,090926925	0,095120499	0,014647677	0,025586129	0,018671585	0,012939183	0,08222358	0,0332774	0,055964928	0,031114824
426	0,013704474	0,033675571	0,055896257	0,096723256	0,039357908	0,046317644	0,098923083	0,055825602	0,003217059	0,063648704	0,025215412	0,023986687	0,035610359
427	0,06712488	0,046786342	0,068893301	0,072891916	0,021993497	0,004437435	0,064214998	0,072084026	0,029827022	0,075862468	0,05669433	0,001680025	0,096248853
428	0,08568933	0,087771058	0,011855829	0,041137099	0,050418031	0,065465944	0,088105434	0,057814263	0,098265231	0,07873709	0,015073863	0,005242369	0,01419992
429	0,04407674	0,039010584	0,058390921	0,01256118	0,002403168	0,051342743	0,071291003	0,023048324	0,093682149	0,047002717	0,061764603	0,046327949	0,041709807
430	0,071731414	0,04007249	0,091071304	0,054624471	0,038659902	0,098125606	0,008025897	0,022483931	0,079316542	0,078814696	0,026474839	0,012212454	0,050914374
431	0,04656647	0,009664052	0,044603646	0,077522528	0,028662884	0,087601983	0,001603276	0,039599395	0,075717379	0,061191604	0,044333074	0,041961502	0,067136702
432	0,065267867	0,001689416	0,011245825	0,062021099	0,072542629	0,031053377	0,061432977	0,056854327	0,067288406	0,097074375	0,085160609	0,082473146	0,084998834
433	0,034080546	0,024598957	0,0135355	0,000657328	0,077193829	0,097193333	0,081754491	0,091580186	0,01839685	0,02164356	0,024022566	0,088894345	0,097630161
434	0,060564482	0,064386554	0,099574341	0,084193948	0,079472714	0,056491989	0,013941287	0,02106017	0,046764111	0,0740669	0,016121396	0,037740231	0,040007021
435	0,031341958	0,042618306	0,098752723	0,057279633	0,004950282	0,043627834	0,050905906	0,088505478	0,030206288	0,029619383	0,066706401	0,063586773	0,054343397
436	0,07892468	0,053231985	0,053347443	0,041962886	0,039642499	0,097565405	0,087726658	0,0126337	0,007789921	0,019307086	0,034910087	0,050699912	0,058365561
437	0,007979068	0,094040475	0,09730008	0,005516697	0,089404628	0,060213398	0,016645164	0,037439045	0,080291158	0,022183192	0,036146352	0,01201459	0,052769974
438	0,02952549	0,016622988	0,022540449	0,064819148	0,016052924	0,081684169	0,039151403	0,091605649	0,039320946	0,009858648	0,087190698	0,083629621	0,006212441
439	2,72E-05	0,039350665	0,01808285	0,08950369	0,081292848	0,000311503	0,027842059	0,013283298	0,026224417	0,062963839	0,040296494	0,087428693	0,021601175
440	0,032534059	0,025136892	0,008938617	0,037826951	0,053997802	0,084425358	0,068992975	0,035273721	0,001601839	0,043454203	0,00288695	0,063374536	0,022581229
441	0,021443404	0,094504164	0,097375367	0,009657692	0,015998565	0,097171103	0,034280445	0,081908704	0,051264723	0,019341976	0,055173325	0,038970032	0,016922478
442	0,031136963	0,037345601	0,021861287	0,00768075	0,076635772	0,031881859	0,084578253	0,086618454	0,034443572	0,020090308	0,071926444	0,088877087	0,008278488
443	0,037897018	0,041702934	0,026772827	0,044155076	0,05485057	0,09899604	0,038374674	0,031835809	0,031151818	0,025532109	0,015902972	0,05815913	0,071848903
444	0,092553006	0,006427271	0,039143284	0,039240307	0,096555922	0,018595478	0,040971574	0,092540752	0,035537757	0,077258675	0,088548379	0,075671759	0,076339937
445	0,015158335	0,020853935	0,083745173	0,088147711	0,047165025	0,044635459	0,08832478	0,041273957	0,060624216	0,023897847	0,01658672	0,069606227	0,055468586
446	0,014532696	0,045538203	0,091166083	0,018755093	0,071542573	0,080398214	0,046232972	0,046690676	0,097531318	0,017209376	0,051312671	0,047284739	0,078421594
447	0,033559474	0,038744945	0,006595559	0,002655226	0,024083848	0,0432567	0,00043792	0,026354431	0,097161643	0,099115111	0,089475551	0,058850344	0,099296015
448	0,043265962	0,073751889	0,079535534	0,031153872	0,064271831	0,01912328	0,090461407	0,014683005	0,004135595	0,043682872	0,007850333	0,048643036	0,094538683
449	0,018876544	0,03887006	0,003793319	0,022878367	0,069718226	0,035538848	0,067921582	0,060821259	0,070016837	0,043345785	0,07553923	0,03149353	0,044123673
450	0,079175852	0,06508715	0,002977247	0,091710506	0,083601078	0,043070712	0,066115665	0,061480343	0,051020905	0,025632429	0,031111154	0,07261425	0,032903257
451	0,07676942	0,008556316	0,05633119	0,056569061	0,08201295	0,044199163	0,038550577	0,05395541	0,073712999	0,001391765	0,016506207	0,055294047	0,058682104
452	0,065136681	0,017299707	0,034275137	0,060307834	0,048260763	0,05942316	0,058000322	0,013718673	0,006390307	0,058870563	0,095426341	0,027847538	0,097845851
453	0,018782458	0,04740923	0,030978124	0,086528734	0,070531465	0,047881884	0,029259864	0,024661319	0,060183174	0,027278937	0,054086835	0,097233475	0,073979503
454	0,003943831	0,086515905	0,081207226	0,084775699	0,082344161	0,026869699	0,028066951	0,083455498	0,053840806	0,057778166	0,06659603	0,037272177	0,084490817
455	0,016495886	0,036026143	0,079549222	0,088523873	0,071701549	0,053035047	0,038262382	0,050100794	0,054704674	0,095277827	0,076891891	0,080448202	0,026229316
456	0,090813427	0,074297507	0,034048284	0,085660062	0,042366934	0,031405262	0,094560282	0,035051521	0,015547911	0,031966903	0,070690266	0,050950322	0,01515483
457	0,082755426	0,003341633	0,090995586	0,081524213	0,016087778	0,004301044	0,034953881	0,069735628	0,054340488	0,02998014	0,084166963	0,052636483	0,094482502
458	0,061761513	0,013442175	0,002380405	0,076779174	0,059962448	0,049524893	0,066181003	0,044879818	0,072555336	0,095440024	0,037570802	0,015611995	0,097661717
459	0,039512074	0,028378184	0,045224168	0,057418173	0,008078596	0,076649786	0,046576016	0,060293921	0,090785013	0,056817588	0,084336956	0,024318437	0,00709128
460	0,02188284	0,024860758	0,049632538	0,084344799	0,001171363	0,027418877	0,047927383	0,045579372	0,085866062	0,094431184	0,099631554	0,022344101	0,094943578
461	0,077223985	0,06315016	0,011170769	0,079799588	0,019890505	0,053147934	0,025567417	0,039082298	0,064122493	0,012461835	0,070769771	0,05435017	0,070895382
462	0,091217518	0,042728223	0,084937368	0,054652743	0,023259353	0,015049582	0,009035742	0,081681431	0,079557126	0,06448991	0,096439269	0,036194686	0,07509514
463	0,042440216	0,079806623	0,022793168	0,006366869	0,00642361	0,014654138	0,032647804	0,085244082	0,058872896	0,042672484	0,00778094	0,021863307	0,038054191
464	0,020362643	0,012556043	0,082710434	0,043961957	0,010684542	0,081632886	0,043431819	0,090089257	0,042694925	0,026489383	0,057454382	0,015752237	0,094178193
465	0,011333864	0,036087712	0,092880035	0,017164599	0,000316632	0,090530719	0,091143554	0,054556257	0,094480532	0,025281149	0,049227542	0,060517502	0,037770569
466	0,026242625	0,066222885	0,082347013	0,032518454	0,0477308	0,041675984	0,042152068	0,061804293	0,008594878	0,094614776	0,01431192	0,024591003	0,062612036
467	0,03402809	0,071092785	0,067823797	0,076553314	0,078117297	0,054294607	0,0872837	0,072282087	0,059908876	0,023901272	0,054776273	0,085198534	0,096245294
468	0,079795492	0,073905216	0,026112061	0,07682296	0,017326523	0,0853597	0,055460558	0,01161539	0,008253411	0,06929414	0,021010138	0,060986289	0,062415053
469	0,012271334	0,093366799	0,009183579	0,082184651	0,05874921	0,010540746	0,099043745	0,076433368	0,026163456	0,045527337	0,057591395	0,000582999	0,091492632
470	0,017097556	0,099743078	0,026364131	0,070627211	0,056757913	0,054112072	0,022559389	0,022108362	0,025499066	0,084098088	0,018511742	0,066908945	0,059560753
471	0,005253259	0,047119489	0,0500585	0,025829962	0,055198557	0,075242953	0,070818394	0,000626911	0,041269794	0,0964528	0,002948995	0,08977114	0,074972596
472	0,045256289	0,068464286	0,040723884	0,09940732	0,004572581	0,099610271	0,012296637	0,036034795	0,014307815	0,02727589	0,076493419	0,028172231	0,065066009
473	0,093073342	0,056487129	0,000567253	0,000518057	0,054600674	0,005755059	0,076666352	0,057884334	0,016670091	0,056393835	0,093481368	0,094950436	0,095431874
474	0,070983771	0,068269638	0,096191917	0,082616864	0,022341177	0,024128848	0,022878438	0,072876047	0,093301668	0,055451345	0,090498265	0,013223955	0,069146966
475	0,072331682	0,047380104	0,070764471	0,029768722	0,010344957	0,021580125	0,083618803	0,040970756	0,07889388	0,012785534	0,067691006	0,095632017	0,013064761
476	0,053079216	0,003586846	0,024387742	0,000703531	0,015209644	0,009157544	0,053842757	0,056651066	0,078722766	0,063457824	0,070565749	0,04485968	0,0196619
477	0,038913042	0,011308964	0,017119878	0,078938025	0,080542676	0,018649353	0,011514424	0,049174038	0,098713477	0,069552858	0,069141067	0,074716175	0,058423023
478	0,062913623	0,024217763	0,036117791	0,028334734	0,02871987	0,085668519	0,099936038	0,035815872	0,075652801	0,009137953	0,070249969	0,06542708	0,065561816
479	0,055177473	0,010884595	0,003352282	0,016348771	0,081994993	0,023903131	0,060535102	0,025654994	0,022406732	0,051895898	0,047990442	0,09771114	0,018574689
480	0,066687775	0,010932031	0,071463193	0,034847201	0,068841939	0,059145589	0,08922377	0,086365219	0,077906001	0,047898907	0,028341165	0,019424647	0,098061443
481	0,037964967	0,06392555	0,00438464	0,098411252	0,014563618	0,035716942	0,076259729	0,056137084	0,05091285	0,060240093	0,031475962	0,056264497	0,014422225
482	0,007787769	0,003199151	0,086995382	0,079863035	0,015881152	0,098059988	0,053970142	0,008311578	0,033666537	0,053324791	0,072838457	0,077440144	0,009370968
483	0,062263947	0,060753765	0,039623575	0,023115227	0,032741942	0,066308128	0,025589689	0,022147544	0,004732706	0,090464692	0,06848691	0,01539636	0,000272111
484	0,020671794	0,062709705	0,073501836	0,062194163	0,096826465	0,057057305	0,07539805	0,052803661	0,090539295	0,084823557	0,032450072	0,051891242	0,088029094
485	0,064767161	0,006692532	0,008062681	0,054347524	0,036225637	0,033009791	0,06685001	0,042457435	0,082519437	0,043459368	0,033196606	0,055351115	0,008037609
486	0,096607775	0,040081833	0,001252956	0,066309678	0,03848544	0,054444257	0,024945121	0,091176537	0,03146413	0,059916691	0,067669938	0,035366669	0,039846598
487	0,087953082	0,048748426	0,087062729	0,098132329	0,025420205	0,000846234	0,093391628	0,002167554	0,097484908	0,004109055	0,080494713	0,016743445	0,043436473
488	0,059871489	0,077636674	0,083804334	0,075661278	0,018939914	0,065967646	0,094381148	0,06101604	0,040737232	0,067183746	0,057496133	0,013356492	0,0696454
489	0,099121083	0,035872862	0,028155021	0,081597722	0,000641027	0,097469595	0,003906882	0,010623118	0,0818943	0,031299927	0,05704669	0,09154384	0,075913062
490	0,067931549	0,093607023	0,082577905	0,065579073	0,050134018	0,079422687	0,054048131	0,058438332	0,007257677	0,076708454	0,09521888	0,017611503	0,029262161
491	0,088919061	0,096288992	0,022588039	0,033428311	0,096677931	0,057033154	0,064386948	0,03912493	0,004734174	0,034756339	0,006560725	0,027975964	0,089438909
492	0,013787473	0,058371741	0,024228675	0,083275535	0,026178983	0,057150014	0,091000194	0,006428796	0,02578724	0,077390264	0,089713943	0,014885178	0,057153512
493	0,065948195	0,082733262	0,009118614	0,056243507	0,052604332	0,051203749	0,039910574	0,079325273	0,039648452	0,053655681	0,010790465	0,021702415	0,087921835
494	0,074971811	0,050987445	0,082141829	0,096831626	0,00969486	0,006149691	0,084125654	0,063096988	0,058467797	0,063613373	0,096983197	0,041814382	0,05276923
495	0,089686991	0,047246437	0,014483814	0,078536483	0,083185281	0,078031059	0,097522371	0,027931824	0,098856876	0,030830879	0,058994676	0,021329844	0,094407147
496	0,060194803	0,005932763	0,050227597	0,060843673	0,020348652	0,030330652	0,015445432	0,084239536	0,052057992	0,035528687	0,035525778	0,082826074	0,026404207
497	0,074025352	0,000761491	0,020096477	0,003340602	0,050596102	0,003393096	0,019574076	0,082313791	0,013140361	0,009031834	0,089365238	0,089631185	0,084880907
498	0,072659123	0,069438271	0,046768196	0,02396945	0,003263244	0,099175511	0,013413414	0,006216144	0,020158345	0,001429037	0,091257484	0,033991748	0,082861213
499	0,076765565	0,078538021	0,079852669	0,031912183	0,073499263	0,06567247	0,016071588	0,076328991	0,003659941	0,075578952	0,001128547	0,075073314	0,099424296
500	0,085540877	0,089058271	0,084280101	0,085533649	0,04463204	0,012415525	0,036825776	0,047540133	0,094693702	0,018189871	0,014299453	0,093382884	0,023868113