Project Name/TEST													
Project Type/Forward-Shot													
Shot Offset/5/meter													
Geophone Interval/5/meter													
Trigger Value/0,25/miliVolt													
Data Count/501													
Record Length/500/microSecond													
Comments/TEST													
Time	Channel-1	Channel-2	Channel-3	Channel-4	Channel-5	Channel-6	Channel-7	Channel-8	Channel-9	Channel-10	Channel-11	Channel-12	Channel-13
0	0,030741539	0,086581983	0,066182544	0,072193526	0,011261803	0,060200523	0,053303544	0,097158395	0,068612247	0,049047664	0,06923386	0,074141661	0,054232768
1	0,002202935	0,062343949	0,038220112	0,072564947	0,064184054	0,082208169	0,083323889	0,052162513	0,0987737	0,072120368	0,023247558	0,090535064	0,020910453
2	0,018649396	0,029243106	0,027017624	0,023020508	0,05817374	0,055489242	0,067544526	0,021531017	0,084817158	0,061917074	0,001650394	0,091416755	0,041916044
3	0,06595531	0,004725553	0,035175877	0,089909568	0,049805854	0,073120825	0,055558334	0,040547294	0,00153806	0,086013564	0,020845681	0,069920921	0,024274324
4	0,074169824	0,024657385	0,015526089	0,034252637	0,072643658	0,04643871	0,056584476	0,090775458	0,072723636	0,016778059	0,007160445	0,038766211	0,076326149
5	0,072583929	0,077692598	0,041491764	0,098255618	0,043250896	0,074256496	0,039765956	0,056544788	0,00234713	0,033219001	0,070620222	0,001062411	0,091123824
6	0,080251055	0,082132319	0,071027843	0,059062248	0,076879561	0,025716625	0,027736117	0,020763624	0,098240006	0,013146683	0,034005094	0,050888171	0,039918668
7	0,064234638	0,018215074	0,066423956	0,029782644	0,014683003	0,091730716	0,092511892	0,077967122	0,014407032	0,007608564	0,085612618	0,044048973	0,095347603
8	0,048135918	0,054805431	0,078926297	0,084359672	0,019462518	0,031528576	0,074440651	0,023680608	0,090337035	0,050697909	0,05882999	0,093104831	0,015534835
9	0,01766632	0,027469729	0,060365017	0,034637771	0,056982732	0,090963545	0,033073743	0,036563062	0,014104031	0,065787014	0,002825314	0,094416576	0,060174123
10	0,075331074	0,093939317	0,005691621	0,062309353	0,037834426	0,034140281	0,023912388	0,008945359	0,017209159	0,032999742	0,050296182	0,062997257	0,094959292
11	0,057787812	0,025643008	0,078376955	0,087438424	0,035312117	0,030493631	0,058777589	0,005975887	0,076436395	0,00200437	0,07505463	0,069437968	0,093819673
12	0,02282259	0,07537816	0,052166785	0,012370043	0,067065857	0,090491813	0,02796202	0,060393551	0,044019866	0,081549287	0,029088425	0,0269347	0,001518284
13	0,00051608	0,0506721	0,068500667	0,098513851	0,030445952	0,029015737	0,092042917	0,070510178	0,027803723	0,019647558	0,021607067	0,025573602	0,027858812
14	0,008634957	0,097534031	0,057497488	0,048482804	0,014297327	0,056943157	0,012349436	0,00214051	0,067838926	0,059703853	0,054591623	0,099381741	0,020547798
15	0,058071887	0,077005782	0,092503652	0,033140522	0,099447309	0,070238872	0,055612125	0,037759791	0,015998053	0,029223342	0,068210359	0,05473879	0,044311027
16	0,027833826	0,080922107	0,027480266	0,065099635	0,050917106	0,040884464	0,075052996	0,034217984	0,081928652	0,091185694	0,080490666	0,017548416	0,058591221
17	0,097298372	0,084852701	0,086663149	0,04918527	0,013203452	0,080947787	0,088249491	0,034886164	0,03103023	0,078638358	0,027210081	0,093652808	0,098262588
18	0,084679253	0,000754855	0,071717288	0,053271646	0,088516706	0,04042911	0,008816155	0,024570601	0,034050734	0,049849726	0,037688144	0,025991663	0,062518309
19	0,058782224	0,00099421	0,045845893	0,038282032	0,017454816	0,026691636	0,013537432	0,020379181	0,02598382	0,086348625	0,005924065	0,036257638	0,063255247
20	0,096481143	0,038576903	0,036639979	0,094982124	0,056435519	0,051869688	0,058863469	0,027991356	0,028993771	0,0022734	0,056407553	0,040747452	0,018334776
21	0,087614033	0,095575786	0,091495805	0,078237332	0,049323139	0,051384112	0,056807553	0,09847894	0,075923867	0,082246194	0,004022862	0,066035213	0,058846229
22	0,049896787	0,088483552	0,043886692	0,04777524	0,077641014	0,054101586	0,095949359	0,049033873	0,094132491	0,021624379	0,032790331	0,059073165	0,096796241
23	0,018992037	0,074746613	0,057859924	0,081985962	0,049607815	0,022584291	0,051567138	0,006684049	0,064426439	0,073758427	0,02513903	0,007186602	0,034311988
24	0,044773697	0,013129625	0,083480531	0,068592691	0,093131751	0,010429533	0,04660334	0,038874509	0,052114516	0,007383777	0,05694206	0,043398493	0,028623522
25	0,054432887	0,008441394	0,009407741	0,020269837	0,089140423	0,006460056	0,015923139	0,068796094	0,060382452	0,024108221	0,080827708	0,053588322	0,034177058
26	0,057691313	0,012217585	0,077652581	0,058720201	0,01258386	0,005502486	0,0820399	0,06334996	0,065817896	0,055269926	0,054388954	0,038135864	0,017667593
27	0,077339732	0,00152625	0,035655643	0,071967818	0,072466469	0,034049551	0,098045963	0,047678639	0,06447059	0,08207339	0,082343057	0,045801843	0,038240395
28	0,015273842	0,095184502	0,018957892	0,07165252	0,085852917	0,022719962	0,039587064	0,066653089	0,077156364	0,089148611	0,07674092	0,098699019	0,09652369
29	0,021445807	0,069377734	0,028969979	0,099904726	0,029652162	0,032575949	0,083224594	0,084425106	0,022544374	0,012363454	0,079602883	0,005247271	0,031522624
30	0,063672316	0,069086355	0,02321055	0,003196673	0,054391468	0,06808918	0,07691445	0,054290854	0,006362485	0,05695155	0,044936931	0,031270037	0,094521812
31	0,014088691	0,059334042	0,043427816	0,012244866	0,083786353	0,066615411	0,04369409	0,045501908	0,074682277	0,071273039	0,073747535	0,029370005	0,008339791
32	0,090651401	0,075933243	0,093582869	0,01212466	0,023150273	0,002654343	0,02435803	0,094369619	0,040745509	0,030316831	0,021904848	0,004740396	0,00987053
33	0,091604399	0,070218506	0,036234317	0,014023618	0,096996751	0,020702797	0,0598602	0,090154621	0,031416521	0,059771219	0,092535163	0,023317333	0,02249217
34	0,079516675	0,074198211	0,021464739	0,05101176	0,004983585	0,04247558	0,000657134	0,00843609	0,062997821	0,066029897	0,039501806	0,013081436	0,031196218
35	0,012891492	0,041877105	0,074782483	0,075382427	0,02206979	0,097150801	0,065824401	0,022606542	0,026843508	0,038097831	0,042978067	0,03926291	0,044303153
36	0,037119065	0,070910772	0,058755071	0,0087441	0,039477746	0,034597713	0,00094443	0,037986779	0,062899085	0,07292172	0,016198584	0,007968892	0,093776696
37	0,016398315	0,03711727	0,063661567	0,09218337	0,083887979	0,06368888	0,053909005	0,055809733	0,09971757	0,025287992	0,090733675	0,049605909	0,041759196
38	0,025635362	0,096281804	0,02016434	0,006307974	0,058082829	0,068015538	0,065197159	0,007418742	0,025834151	0,087935929	0,090329213	0,050963417	0,082081232
39	0,026974339	0,061039629	0,077168293	0,071032091	0,081030674	0,017993885	0,05924853	0,058158092	0,060765279	0,009270897	0,080057408	0,094716065	0,041326374
40	0,060953581	0,093556769	0,098221616	0,099485578	0,082475161	0,022512792	0,059592288	0,053058203	0,040748081	0,033553541	0,05398381	0,032496902	0,041509627
41	0,037395705	0,058497852	0,094868415	0,076802519	0,001096245	0,098110419	0,048835668	0,007628742	0,018063477	0,035610821	0,000923737	0,047135675	0,073620272
42	0,06183311	0,035100678	0,049696017	0,092272989	0,030536646	0,057618046	0,038669432	0,083766204	0,093932984	0,020608966	0,021407747	0,043378372	0,09174327
43	0,073401	0,016079376	0,046837188	0,044584092	0,034601932	0,057136436	0,048574701	0,090001316	0,040774262	0,055832953	0,001052931	0,076823904	0,05485509
44	0,094382808	0,040621438	0,093967903	0,070914704	0,042255134	0,003524302	0,060249684	0,062685765	0,048514936	0,03702776	0,00112897	0,000408807	0,097411918
45	0,098100672	0,026326205	0,030947168	0,058262458	0,022866053	0,016233865	0,0942783	0,04453531	0,077154382	0,053318627	0,034082713	0,034020487	0,000618954
46	0,070141837	0,027501404	0,0483701	0,047866168	0,030977797	0,003295082	0,011515468	0,061242041	0,063364039	0,016246721	0,020131447	0,045316729	0,053028685
47	0,060137522	0,063935051	0,067118883	0,020545303	0,012952754	0,079373047	0,087660567	0,059488725	0,051684036	0,075780835	0,064734313	0,089301519	0,096144985
48	0,031182458	0,065867965	0,089399319	0,030417035	0,058992418	0,015032154	0,067927632	0,061432073	0,023472939	0,050942033	0,070666142	0,098871524	0,005740309
49	0,036891087	0,008382261	0,041644118	0,065663617	0,06648448	0,011596167	0,046367761	0,057745837	0,092098963	0,037205367	0,086096672	0,086657991	0,064841572
50	0,036891087	0,035913581	0,091083708	0,055422938	0,051073696	0,025010243	0,094845712	0,085169896	0,066226536	0,089501392	0,057935163	0,099675733	0,056594704
51	0,036891087	0,034981847	0,061736564	0,004558611	0,022992199	0,044822921	0,020621101	0,098115675	0,066437667	0,082321947	0,009513394	0,082218592	0,076776671
52	0,036891087	0,061755626	0,030102544	0,035483432	0,052129491	0,06360785	0,01211641	0,090372716	0,077315867	0,004683103	0,02216076	0,05888223	0,030495116
53	0,036891087	0,061355973	0,051203521	0,029070083	0,023638926	0,033609701	0,027271108	0,070315262	0,0420935	0,090341912	0,044678895	0,044258751	0,0967741
54	0,036891087	0,001677199	0,079852222	0,037112513	0,001957581	0,096163097	0,021702715	0,003741965	0,009181412	0,063344225	0,034315547	0,099836315	0,030628395
55	0,036891087	0,053182423	0,090672865	0,024335022	0,087795765	0,004493772	0,060736819	0,068967951	0,071934602	0,056912855	0,006746381	0,032471405	0,092712103
56	0,036891087	0,080629849	0,095928902	0,004962936	0,062781088	0,026535984	0,089987177	0,023920655	0,010743954	0,057903752	0,028230636	0,066400611	0,01728707
57	0,036891087	0,074832679	0,055699914	0,076751842	0,015259399	0,068821424	0,003621137	0,047598171	0,042446628	0,034804036	0,031361284	0,043664226	0,090830622
58	0,036891087	0,085877936	0,047733132	0,012413526	0,003854529	0,076432411	0,049015611	0,031576647	0,062024292	0,094712767	0,059581434	0,076719965	0,042457418
59	0,036891087	0,023901228	0,087787131	0,026711821	0,00657867	0,057720282	0,070587502	0,054605785	0,061738598	0,033269106	0,061015005	0,020887111	0,043211447
60	0	0,059902944	0,057874469	0,005691093	0,063944422	0,076024288	0,060240531	0,020932951	0,037783059	0,025389231	0,016457634	0,057052648	0,008238735
61	0,258819045	0,07697104	0,047085763	0,026279533	0,054867926	0,008014481	0,002855746	0,007116468	0,054111041	0,089673675	0,018097128	0,066164181	0,073227274
62	0,5	0,091222433	0,019307605	0,019866718	0,026995385	0,064671788	0,076705618	0,072648054	0,008177536	0,073838099	0,06084241	0,037929916	0,062657556
63	0,707106781	0,075725721	0,012248388	0,076488836	0,055949856	0,092306361	0,03460891	0,053032286	0,058993954	0,080299394	0,046368428	0,002153752	0,033316765
64	0,866025404	0,097208134	0,094341592	0,028075213	0,09983919	0,078017316	0,03442281	0,072419485	0,099878555	0,058901345	0,003551713	0,052964332	0,037988319
65	0,965925826	0,081974414	0,039556801	0,04918265	0,011704195	0,082056663	0,031195393	0,060725765	0,0225478	0,039124622	0,022261007	0,080767624	0,064775403
66	1	0,079601814	0,069548994	0,089487219	0,013439729	0,029902328	0,014696725	0,047220731	0,089353072	0,051658329	0,078152554	0,094034264	0,019795775
67	0,965925826	0,026428093	0,042319358	0,019316081	0,022485856	0,035724549	0,062335207	0,080964826	0,023722642	0,001160255	0,040265458	0,003391923	0,050057199
68	0,866025404	0,062137541	0,039789857	0,038524475	0,085579552	0,080518078	0,017818887	0,041078615	0,042128489	0,030329361	0,002503863	0,081948098	0,013178598
69	0,707106781	0,024412763	0,037683607	0,000449922	0,093850588	0,085602608	0,01286449	0,049401453	0,004175518	0,066912757	0,00177962	0,036942888	0,023719399
70	0,5	0	0,015857267	0,003131061	0,006585251	0,016254869	0,075032964	0,049793949	0,085877087	0,062307081	0,010770383	0,093401957	0,09326771
71	0,258819045	0,258819045	0,08478382	0,008330208	0,062510078	0,003016652	0,097222085	0,020954951	0,028051861	0,088027294	0,052373345	0,093343172	0,054239586
72	-0,2	0,5	0,022019097	0,013619438	0,029810589	0,068133485	0,004880906	0,027999546	0,036703654	0,006811204	0,031660698	0,016536881	0,057409856
73	-0,647047613	0,707106781	0,097073979	0,034256428	0,00075857	0,08006157	0,02908562	0,008944719	0,052684355	0,070053741	0,066790362	0,089692053	0,096515234
74	-1,25	0,866025404	0,030780693	0,092527207	0,005337303	0,045586351	0,02436563	0,085050162	0,099285538	0,061202161	0,039965717	0,070340997	0,039734093
75	-1,767766953	0,965925826	0,021203001	0,073442168	0,08677416	0,042162786	0,060768051	0,01927282	0,091258639	0,091454379	0,001149219	0,026935448	0,066637614
76	-2,165063509	1	0,040058167	0,021183052	0,042483304	0,072225948	0,017294496	0,081698137	0,033379399	0,03936159	0,062256392	0,01030642	0,028614343
77	-2,414814566	0,965925826	0,097263107	0,069526856	0,038693594	0,096258169	0,04110516	0,052362252	0,079803023	0,004257653	0,085358132	0,083622113	0,057657456
78	-2,5	0,866025404	0,031445622	0,029327015	0,071105522	0,033755833	0,061559358	0,090319781	0,05106211	0,054805459	0,077376345	0,08400286	0,04490955
79	-2,414814566	0,707106781	0,07958484	0,059574388	0,048792573	0,053074245	0,019032782	0,091594836	0,013487237	0,088763657	0,07972443	0,006243513	0,00227051
80	-2,165063509	0,5	0	0,086134227	0,031481353	0,094262686	0,041936341	0,037134233	0,063758911	0,067683016	0,084212599	0,043400647	0,064010372
81	-1,767766953	0,258819045	0,258819045	0,032361379	0,042025184	0,020775356	0,079628749	0,003137517	0,088735854	0,004601474	0,088091933	0,037444692	0,074072983
82	-1,25	-0,2	0,5	0,056519937	0,086273116	0,096587552	0,080452091	0,06733249	0,034949228	0,080328466	0,056233128	0,088483495	0,019055545
83	-0,647047613	-0,647047613	0,707106781	0,037474614	0,008044204	0,066498147	0,09557385	0,008105092	0,07465186	0,036083795	0,079021229	0,06786243	0,039620393
84	-0,2	-1,25	0,866025404	0,093075244	0,042023634	0,071441292	0,022537319	0,004390132	0,089570653	0,051439861	0,091135838	0,018699215	0,007005399
85	0,258819045	-1,767766953	0,965925826	0,071681369	0,043505165	0,093297987	0,079313599	0,043321744	0,001430789	0,015503843	0,019306547	0,067607852	0,096101259
86	0,5	-2,165063509	1	0,043377802	0,003331027	0,052084452	0,071971228	0,043184418	0,097819019	0,087597049	0,004807032	0,020217066	0,002103229
87	0,707106781	-2,414814566	0,965925826	0,031734769	0,084069035	0,046099423	0,017235421	0,064451304	0,054404898	0,080292554	0,068661917	0,060580436	0,049777984
88	0,866025404	-2,5	0,866025404	0,071121847	0,063761495	0,063999473	0,065834069	0,056812908	0,023267073	0,099359869	0,064779543	0,022137564	0,055158824
89	0,965925826	-2,414814566	0,707106781	0,051746966	0,034774217	0,005308304	0,040255009	0,001068883	0,088906554	0,075858553	0,056716828	0,090285367	0,077181865
90	1	-2,165063509	0,5	0	0,054164345	0,059712275	0,017761563	0,046161296	0,07010454	0,07109108	0,095275375	0,091482131	0,033063998
91	0,965925826	-1,767766953	0,258819045	0,258819045	0,026733638	0,033671703	0,052394138	0,063656741	0,026172744	0,003727388	0,02125107	0,06881429	0,057378149
92	0,866025404	-1,25	-0,2	0,5	0,005080688	0,024627859	0,043248308	0,041548762	0,061748442	0,070139417	0,088311716	0,029707392	0,017561599
93	0,707106781	-0,647047613	-0,647047613	0,707106781	0,057443474	0,098691932	0,037900091	0,040387303	0,048588295	0,024065217	0,006676739	0,017607471	0,01382814
94	0,5	-0,2	-1,25	0,866025404	0,065761635	0,043333876	0,015551164	0,024961388	0,006530284	0,028604712	0,065852728	0,093275305	0,069820425
95	0,258819045	0,258819045	-1,767766953	0,965925826	0	0,008459536	0,007636842	0,037483	0,093658242	0,014435498	0,093622403	0,089184203	0,035114955
96	3,68E-16	0,5	-2,165063509	1	0,258819045	0,093060722	0,062763421	0,058082684	0,085279386	0,077123102	0,094490369	0,011389825	0,065809322
97	0,077248204	0,707106781	-2,414814566	0,965925826	0,5	0,079303734	0,004860537	0,050125879	0,077603569	0,00737101	0,097711961	0,095785444	0,049340439
98	0,027636716	0,866025404	-2,5	0,866025404	0,707106781	0,012125416	0,079598062	0,081750809	0,098574057	0,032704452	0,029607388	0,012785423	0,073305905
99	0,091858294	0,965925826	-2,414814566	0,707106781	0,866025404	0,003184652	0,034895243	0,05330669	0,031881742	0,097521145	0,05716122	0,046612729	0,036989086
100	0,064656605	1	-2,165063509	0,5	0,965925826	0	0,071718389	0,093262453	0,038497361	0,032604955	0,004641188	0,001812238	0,020949241
101	0,05898129	0,965925826	-1,767766953	0,258819045	1	0,258819045	0,062294186	0,068678185	0,020196215	0,0400432	0,012330218	0,084639813	0,071731625
102	0,046376435	0,866025404	-1,25	-0,2	0,965925826	0,5	0,083932978	0,002108211	0,098376689	0,0106182	0,019045233	0,074679866	0,096664899
103	0,074304443	0,707106781	-0,647047613	-0,647047613	0,866025404	0,707106781	0,075985927	0,085454452	0,054927197	0,073835055	0,045438312	0,072523241	0,05467477
104	0,021871185	0,5	-0,2	-1,25	0,707106781	0,866025404	0,073065907	0,048526416	0,059293971	0,041109027	0,056389593	0,081660367	0,054291456
105	0,054132602	0,258819045	0,258819045	-1,767766953	0,5	0,965925826	0	0,075827881	0,081530775	0,079099912	0,00927999	0,000393758	0,004631787
106	0,06468003	3,68E-16	0,5	-2,165063509	0,258819045	1	0,258819045	0,024816529	0,096753486	0,082535716	0,004633527	0,043649757	0,07809216
107	0,063621798	0,051071773	0,707106781	-2,414814566	-0,2	0,965925826	0,5	0	0,097722617	0,082325019	0,06188178	0,054180836	0,067211083
108	0,039500363	0,073454548	0,866025404	-2,5	-0,647047613	0,866025404	0,707106781	0,258819045	0,086387947	0,081378696	0,097643056	0,044086801	0,069971392
109	0,091550007	0,044716944	0,965925826	-2,414814566	-1,25	0,707106781	0,866025404	0,5	0	0,00801697	0,008962352	0,037741002	0,021754516
110	0,081872306	0,071072815	1	-2,165063509	-1,767766953	0,5	0,965925826	0,707106781	0,258819045	0,008570318	0,007813005	0,049379284	0,059958983
111	0,083399766	0,061026379	0,965925826	-1,767766953	-2,165063509	0,258819045	1	0,866025404	0,5	0	0,074181617	0,064277862	0,088170507
112	0,086889164	0,017064159	0,866025404	-1,25	-2,414814566	-0,2	0,965925826	0,965925826	0,707106781	0,258819045	0	0,019489577	0,001656105
113	0,074219594	0,019171766	0,707106781	-0,647047613	-2,5	-0,647047613	0,866025404	1	0,866025404	0,5	0,258819045	0	0,03244111
114	0,059458383	0,045368406	0,5	-0,2	-2,414814566	-1,25	0,707106781	0,965925826	0,965925826	0,707106781	0,5	0,258819045	0
115	0,021822723	0,051280719	0,258819045	0,258819045	-2,165063509	-1,767766953	0,5	0,866025404	1	0,866025404	0,707106781	0,5	0,258819045
116	0,007782729	0,047015801	3,68E-16	0,5	-1,767766953	-2,165063509	0,258819045	0,707106781	0,965925826	0,965925826	0,866025404	0,707106781	0,5
117	0,013301426	0,062781385	0,098077843	0,707106781	-1,25	-2,414814566	-0,2	0,5	0,866025404	1	0,965925826	0,866025404	0,707106781
118	0,018248005	0,020921081	0,003296077	0,866025404	-0,647047613	-2,5	-0,647047613	0,258819045	0,707106781	0,965925826	1	0,965925826	0,866025404
119	0,032784109	0,069432566	0,035778338	0,965925826	-0,2	-2,414814566	-1,25	-0,2	0,5	0,866025404	0,965925826	1	0,965925826
120	0,095767062	0,094217998	0,051612867	1	0,258819045	-2,165063509	-1,767766953	-0,647047613	0,258819045	0,707106781	0,866025404	0,965925826	1
121	0,04138678	0,090241218	0,005922764	0,965925826	0,5	-1,767766953	-2,165063509	-1,25	-0,2	0,5	0,707106781	0,866025404	0,965925826
122	0,071901577	0,028110001	0,025634182	0,866025404	0,707106781	-1,25	-2,414814566	-1,767766953	-0,647047613	0,258819045	0,5	0,707106781	0,866025404
123	0,060475154	0,088350242	0,053852416	0,707106781	0,866025404	-0,647047613	-2,5	-2,165063509	-1,25	-0,2	0,258819045	0,5	0,707106781
124	0,04218128	0,034478091	0,030053721	0,5	0,965925826	-0,2	-2,414814566	-2,414814566	-1,767766953	-0,647047613	-0,2	0,258819045	0,5
125	0,061470852	0,03386211	0,018102679	0,258819045	1	0,258819045	-2,165063509	-2,5	-2,165063509	-1,25	-0,647047613	-0,2	0,258819045
126	0,02103053	0,005860076	0,042935269	3,68E-16	0,965925826	0,5	-1,767766953	-2,414814566	-2,414814566	-1,767766953	-1,25	-0,647047613	-0,2
127	0,080850682	0,000556445	0,036231629	0,028124857	0,866025404	0,707106781	-1,25	-2,165063509	-2,5	-2,165063509	-1,767766953	-1,25	-0,647047613
128	0,044911906	0,052284063	0,044672031	0,041736058	0,707106781	0,866025404	-0,647047613	-1,767766953	-2,414814566	-2,414814566	-2,165063509	-1,767766953	-1,25
129	0,010151306	0,014959091	0,031280298	0,010746929	0,5	0,965925826	-0,2	-1,25	-2,165063509	-2,5	-2,414814566	-2,165063509	-1,767766953
130	0,044391524	0,038796719	0,018816112	0,014908677	0,258819045	1	0,258819045	-0,647047613	-1,767766953	-2,414814566	-2,5	-2,414814566	-2,165063509
131	0,094854861	0,045180787	0,002212524	0,059344267	3,68E-16	0,965925826	0,5	-0,2	-1,25	-2,165063509	-2,414814566	-2,5	-2,414814566
132	0,036536288	0,013865877	0,000562106	0,037747932	0,090678459	0,866025404	0,707106781	0,258819045	-0,647047613	-1,767766953	-2,165063509	-2,414814566	-2,5
133	0,002789687	0,084906793	0,073526056	0,088734274	0,039370199	0,707106781	0,866025404	0,5	-0,2	-1,25	-1,767766953	-2,165063509	-2,414814566
134	0,017608676	0,08557708	0,098752668	0,077182417	0,095734764	0,5	0,965925826	0,707106781	0,258819045	-0,647047613	-1,25	-1,767766953	-2,165063509
135	0,023892519	0,051997719	0,08697519	0,042212573	0,045351259	0,258819045	1	0,866025404	0,5	-0,2	-0,647047613	-1,25	-1,767766953
136	0,030619946	0,066828907	0,081939523	0,020640238	0,063612597	3,68E-16	0,965925826	0,965925826	0,707106781	0,258819045	-0,2	-0,647047613	-1,25
137	0,04028716	0,040511402	0,002912563	0,019854801	0,088727443	0,002231262	0,866025404	1	0,866025404	0,5	0,258819045	-0,2	-0,647047613
138	0,074770495	0,054617569	0,086340069	0,01961692	0,042527781	0,007418622	0,707106781	0,965925826	0,965925826	0,707106781	0,5	0,258819045	-0,2
139	0,039137551	0,032984113	0,056693693	0,039440971	0,098133154	0,007742906	0,5	0,866025404	1	0,866025404	0,707106781	0,5	0,258819045
140	0,085189408	0,010823917	0,031732521	0,069965032	0,056725193	0,058467359	0,258819045	0,707106781	0,965925826	0,965925826	0,866025404	0,707106781	0,5
141	0,090499108	0,016346396	0,047340141	0,062654311	0,015821409	0,083961356	3,68E-16	0,5	0,866025404	1	0,965925826	0,866025404	0,707106781
142	0,09622272	0,071787953	0,00739255	0,088265704	0,013448917	0,067148792	0,065414543	0,258819045	0,707106781	0,965925826	1	0,965925826	0,866025404
143	0,005062535	0,098335743	0,052479195	0,075941212	0,077860294	0,051308728	0,010408959	3,68E-16	0,5	0,866025404	0,965925826	1	0,965925826
144	0,012788442	0,083913507	0,057532079	0,048574285	0,016369624	0,081311578	0,041979578	0,059014391	0,258819045	0,707106781	0,866025404	0,965925826	1
145	0,076337909	0,057765688	0,050146705	0,088761188	0,07696658	0,042271332	0,022295306	0,08455482	3,68E-16	0,5	0,707106781	0,866025404	0,965925826
146	0,022288276	0,089914588	0,089123216	0,033573729	0,085009928	0,09532829	0,009733704	0,094572037	0,010086024	0,258819045	0,5	0,707106781	0,866025404
147	0,025598726	0,017896414	0,058136682	0,016178056	0,095604347	0,001646164	0,099981696	0,049008813	0,035612377	3,68E-16	0,258819045	0,5	0,707106781
148	0,079939756	0,088702456	0,051115737	0,067739223	0,030347611	0,07698538	0,061284031	0,009866561	0,011436231	0,040492734	3,68E-16	0,258819045	0,5
149	0,015559339	0,099866259	0,038533134	0,070449209	0,071358566	0,090335351	0,002066887	0,070115783	0,070079693	0,089578577	0,069082859	3,68E-16	0,258819045
150	0,001339958	0,015232067	0,041279202	0,088269362	0,031961469	0,06636761	0,037139112	0,03693389	0,06239801	0,096776174	0,032047944	0,005999119	3,68E-16
151	0,080994034	0,043689582	0,09320817	0,057344262	0,017569239	0,07695217	0,053925313	0,065396331	0,090274756	0,094568985	0,049967659	0,061561665	0,076174551
152	0,002617653	0,026614418	0,040610772	0,072109517	0,037304637	0,002704128	0,090495538	0,054328014	0,013192659	0,062600058	0,060079154	0,064530425	0,088035114
153	0,04071263	0,081017121	0,022932181	0,091333523	0,091189268	0,017275913	0,060416239	0,083712378	0,056911818	0,074626989	0,030175821	0,068761071	0,062545223
154	0,021814191	0,068209184	0,075953924	0,093760029	0,066668103	0,028766968	0,08774364	0,051843131	0,033502665	0,055305103	0,031883081	0,059122404	0,0881277
155	0,041049744	0,071489975	0,039661982	0,014648889	0,018627548	0,096687624	0,035632213	0,050455073	0,027009552	0,016400737	0,021041659	0,02064698	0,084446808
156	0,030823092	0,051424885	0,001471656	0,002704589	0,066525199	0,008543747	0,031576881	0,079455429	0,074394556	0,051779183	0,008062569	0,094013472	0,007888729
157	0,098297819	0,064019424	0,093824837	0,091652005	0,031874184	0,017593626	0,051675799	0,032935067	0,045623764	0,041823361	0,030703643	0,03829818	0,035589812
158	0,097742697	0,02958493	0,001760243	0,093270805	0,098531892	0,080001511	0,026706737	0,098424251	0,072828932	0,088136051	0,079150222	0,064221126	0,082444715
159	0,04847543	0,057335544	0,024838571	0,056956549	0,086407199	0,063671051	0,00679127	0,07964457	0,09282714	0,097665944	0,090224411	0,086177272	0,030995867
160	0,012113673	0,031149918	0,094226848	0,029864685	0,002760324	0,078748447	0,030230548	0,0707826	0,079516702	0,006269556	0,08189803	0,003261729	0,097137341
161	0,086407368	0,032875598	0,052334339	0,039409833	0,006562211	0,081175411	0,097736517	0,06063919	0,040069731	0,020587407	0,040158932	0,056723473	0,004085054
162	0,024402429	0,027253444	0,046259676	0,008198204	0,076680018	0,061607941	0,042212746	0,050965939	0,003263092	0,048330242	0,025318504	0,037828635	0,058752463
163	0,021896088	0,080657837	0,05053491	0,088819198	0,061050054	0,013829907	0,067907994	0,018371701	0,075032187	0,012812925	0,076967366	0,090729904	0,060726735
164	4,80E-05	0,004815635	0,009716832	0,005079545	0,072443845	0,03931358	0,01786796	0,059535536	0,014125013	0,03412168	0,052712341	0,060156732	0,068157876
165	0,090801415	0,014178418	0,010297613	0,005190912	0,066143973	0,008194542	0,042872502	0,056674624	0,015283101	0,016166349	0,056521577	0,089369033	0,04414744
166	0,072905549	0,015274334	0,072414139	0,033511332	0,045860489	0,01502527	0,030870066	0,040638444	0,09407697	0,090141033	0,088030589	0,016561152	0,007121345
167	0,097530869	0,040180158	0,029902749	0,042360039	0,012597539	0,026910965	0,010332684	0,02702448	0,070190715	0,082761664	0,047937738	0,085181227	0,055397355
168	0,0124482	0,005706138	0,059715507	0,010666561	0,078068099	0,083835484	0,053957248	0,004810092	0,023168207	0,068773518	0,059722471	0,048822257	0,070301397
169	0,06159269	0,098090997	0,091046204	0,055497517	0,004697355	0,06916887	0,060420754	0,016709689	0,099409971	0,041088771	0,03322989	0,045687416	0,064612166
170	0,05557468	0,07101048	0,010381328	0,055753707	0,067384555	0,078714918	0,028529718	0,088190033	0,062367284	0,076386725	0,044006127	0,02755596	0,011764602
171	0,010444937	0,000329212	0,034339473	0,05961491	0,028446868	0,030509459	0,00606592	0,015330429	0,073292555	0,023261011	0,051107191	0,002863003	0,074372235
172	0,023095949	0,03490699	0,029800522	0,007130548	0,038100883	0,068710025	0,023441378	0,037696056	0,002040756	0,061074513	0,007291439	0,024479781	0,084716126
173	0,056793905	0,008608815	0,035269599	0,088170608	0,094978926	0,047180377	0,066682173	0,021158	0,078298486	0,014652378	0,020113429	0,043526279	0,049363373
174	0,062706271	0,024571955	0,027782462	0,012625439	0,050724546	0,073562924	0,029402146	0,007646927	0,074544459	0,035796697	0,010332732	0,017404109	0,004008533
175	0,036789413	0,079718985	0,053863616	0,053881743	0,017050479	0,098838404	0,024176371	0,068658475	0,004458685	0,022041021	0,007075685	0,022443921	0,038928476
176	0,021237325	0,014960277	0,020084689	0,046575889	0,060670342	0,057737346	0,056388113	0,063083646	0,082063901	0,075166538	0,020520849	0,087908973	0,0019604
177	0,02575163	0,023315862	0,078343289	0,065080728	0,073473743	0,008992354	0,017782561	0,071314659	0,0387809	0,057462158	0,077858555	0,045334075	0,000484648
178	0,02007642	0,008929279	0,015672781	0,055769977	0,01058361	0,092832131	0,06662061	0,090974993	0,082630991	0,007848495	0,083438398	0,060420565	0,045925791
179	0,078710892	0,004087112	0,000216446	0,067944044	0,058141071	0,063261543	0,030961309	0,075164018	0,045715114	0,019346494	0,012180105	0,099591032	0,053758717
180	0,002519648	0,085727132	0,014275739	0,073695285	0,086699605	0,097144851	0,068426561	0,082003657	0,048844849	0,002660751	0,056695104	0,073986555	0,033744932
181	0,01654112	0,033802954	0,064301508	0,039872645	0,060064841	0,014684546	0,070359153	0,002050927	0,050107483	0,041472903	0,031609057	0,069363931	0,063243062
182	0,002641529	0,048024222	0,038732913	0,042790886	0,090598673	0,083952844	0,049624114	0,085201779	0,02170813	0,032174416	0,069615793	0,093911119	0,083258299
183	0,067793466	0,063371598	0,069398756	0,096780268	0,075198205	0,043992476	0,023622684	0,090418996	0,034962968	0,032953609	0,074790657	0,034824419	0,064161203
184	0,052799138	0,086228529	0,04711132	0,025785517	0,060895747	0,017473581	0,038976773	0,042191379	0,031284542	0,057458164	0,054167863	0,004636948	0,004375197
185	0,046657996	0,019477569	0,033804758	0,044076698	0,028648347	0,009207793	0,082653357	0,090469062	0,071343707	0,098822523	0,053095065	0,016608372	0,045056567
186	0,015298493	0,054742892	0,002148294	0,086477701	0,055181101	0,034074536	0,025219912	0,083908109	0,005796485	0,057784654	0,004116748	0,054154	0,053753598
187	0,018199105	0,041392999	0,02037681	0,096454546	0,007692314	0,055576618	0,042229027	0,092427015	0,016023275	0,058561092	0,008615657	0,01620629	0,075916645
188	0,038831016	0,0165581	0,088152223	0,04480785	0,012107731	0,089149328	0,075099705	0,020994398	0,011136434	0,01221314	0,025815955	0,009148854	0,091526427
189	0,095132205	0,061585167	0,035398833	0,004261755	0,005422454	0,044495847	0,00847656	0,003316112	0,010770064	0,086226253	0,025274333	0,029317127	0,043670202
190	0,053350861	0,015349817	0,036647817	0,08140502	0,000687891	0,06834707	0,014420303	0,072891775	0,063767461	0,050596438	0,096270574	0,027056829	0,084309814
191	0,099795083	0,010959665	0,003191268	0,021678257	0,065399277	0,086449919	0,004700869	0,064071513	0,065139657	0,020463961	0,022962845	0,057073222	0,015490792
192	0,084023148	0,04664644	0,007199706	0,071568348	0,024883806	0,06919822	0,031731433	0,076483453	0,025001664	0,097792504	0,031251667	0,076839414	0,024732466
193	0,086280022	0,053801431	0,094513149	0,077277115	0,088292423	0,039027513	0,062876262	0,046162714	0,091198838	0,085613678	0,068452373	0,041952435	0,027412602
194	0,046415574	0,01664319	0,044912427	0,055175773	0,078812761	0,044679898	0,036375333	0,032083393	0,005032954	0,073446	0,03188889	0,0081342	0,057785049
195	0,013167463	0,004156223	0,066956125	0,014474466	0,037882951	0,012993678	0,058982614	0,050589821	0,03837848	0,075264321	0,012152013	0,082277188	0,092024147
196	0,07616488	0,096186578	0,047439875	0,074464097	0,057290892	0,030126689	0,018006853	0,033495775	0,003575578	0,040232366	0,016553274	0,004269462	0,002578189
197	0,069407342	0,000732567	0,089509462	0,071203239	0,015234353	0,057089189	0,089827231	0,064898503	0,053857927	0,034155984	0,094955803	0,077360629	0,005970414
198	0,097325261	0,031493723	0,073725637	0,049937378	0,019724006	0,039850764	0,06979185	0,000867659	0,03497285	0,006866777	0,041458036	0,055211159	0,049422407
199	0,010616568	0,009163669	0,090562199	0,051528088	0,05209518	0,070520406	0,063445146	0,08204417	0,09774992	0,023849908	0,026570549	0,032596503	0,022458046
200	0,088252769	0,079979206	0,088509683	0,039853837	0,086996546	0,000509525	0,024742408	0,082760224	0,04015851	0,028248841	0,024188748	0,056943355	0,069183921
201	0,07986574	0,098915385	0,003604865	0,070969391	0,081050327	0,087747967	0,08044921	0,087627674	0,071448693	0,003616989	0,079622269	0,013902109	0,004961995
202	0,038284375	0,06565404	0,067365354	0,070392899	0,059590851	0,048913873	0,031884667	0,092924347	0,029089752	0,07256924	0,083477111	0,052104347	0,023040763
203	0,058887039	0,034008342	0,009258504	0,066509288	0,046112347	0,053292813	0,054852847	0,056311864	0,065689178	0,080817643	0,023787654	0,019879547	0,042010135
204	0,020209185	0,065667926	0,063805373	0,058399186	0,076924291	0,085070476	0,033499584	0,046176269	0,093100329	0,042883769	0,005452483	0,056151112	0,076840004
205	0,01322111	0,051500681	0,012364452	0,078904027	0,049206395	0,08242332	0,030680729	0,018948535	0,051894013	0,004480907	0,037750361	0,019958102	0,079441703
206	0,034101316	0,005763474	0,06853382	0,075770167	0,024143062	0,063364368	0,040250504	0,085463444	0,02613474	0,017834659	0,02238004	0,072777302	0,025234205
207	0,023245516	0,039237898	0,056673138	0,047679466	0,062774032	0,095086097	0,045885633	0,095199048	0,055006668	0,015067148	0,003664732	0,010059663	0,03251875
208	0,017361544	0,061601552	0,096402482	0,030362454	0,0086119	0,081321276	0,059326772	0,070606079	0,033928115	0,023519679	0,011927504	0,011128884	0,028113963
209	0,003639766	0,04981844	0,033749228	0,03431888	0,004922709	0,026306574	0,087305353	0,068083343	0,06969011	0,074246873	0,045755034	0,024413637	0,033961054
210	0,02386947	0,065308752	0,035982213	0,03034947	0,067777827	0,087760042	0,009353584	0,046782624	0,054657835	0,090156442	0,051991654	0,015590593	0,011012163
211	0,034799281	0,06644254	0,026328006	0,071082184	0,087119941	0,052339042	0,059064235	0,009161505	0,010628808	0,024423482	0,034057881	0,028096409	0,077543826
212	0,013203361	0,060690876	0,093864841	0,078495698	0,019849529	0,009995099	0,017511991	0,07973157	0,0772654	0,042486032	0,018200008	0,0425673	0,066057389
213	0,01600649	0,055983005	0,082570127	0,022491707	0,041719053	0,060468364	0,09263951	0,041958908	0,084241512	0,06328237	0,003551114	0,048715676	0,00207702
214	0,059205249	0,009794689	0,073339025	0,011531102	0,072426597	0,0913727	0,034435587	0,093067754	0,058519769	0,006999868	0,049902365	0,053351198	0,025030936
215	0,000620651	0,091010479	0,092538695	0,04010274	0,008446135	0,045153087	0,054243606	0,023265228	0,040416851	0,073883102	0,066731741	0,038634369	0,082009072
216	0,078017377	0,045482979	0,087738814	0,03185931	0,020388115	0,024214477	0,091183389	0,023067286	0,049625067	0,00101505	0,004575801	0,049630353	0,087950898
217	0,007180035	0,092065467	0,053326454	0,092509783	0,006875549	0,091760829	0,055264195	0,099589568	0,010406227	0,05835515	0,028258836	0,040265669	0,023250022
218	0,066465895	0,086591285	0,012148867	0,066404767	0,083540399	0,051274651	0,013266304	0,043941927	0,068600493	0,005462861	0,01133665	0,08246737	0,098096675
219	0,034006238	0,017300787	0,061256153	0,020840958	0,04519108	0,085615527	0,091665219	0,06701209	0,06720768	0,023295626	0,069265392	0,069612904	0,071296303
220	0,022708465	0,017906097	0,065141001	0,000909714	0,028553053	0,042278257	0,054736109	0,054465387	0,098266835	0,099064044	0,067447188	0,042831094	0,054892184
221	0,04793346	0,026830924	0,087047052	0,063626631	0,070825204	0,044550682	0,008638065	0,02256296	0,00467381	0,004619423	0,025396662	0,037232584	0,082638527
222	0,081725828	0,071072984	0,044713324	0,082941952	0,012929686	0,002600777	0,024103682	0,029032566	0,075891906	0,015366467	0,04398	0,014906064	0,047606428
223	0,058275792	0,060932535	0,009532893	0,079547006	9,15E-06	0,099227417	0,08839078	0,002044435	0,049780564	0,046895826	0,037934717	0,016731269	0,046955759
224	0,043324437	0,051854928	0,083341604	0,078698794	0,009100909	0,012969251	0,06812715	0,034826053	0,056522238	0,073732367	0,010776451	0,098359543	0,015965841
225	0,015848279	0,085973804	0,084756142	0,040743086	0,069629375	0,064204294	0,024904399	0,026775256	0,051531087	0,05411492	0,0436901	0,059696792	0,079511473
226	0,012253473	0,048623716	0,061218949	0,023644245	0,020907438	0,053857078	0,018600468	0,040892166	0,078914246	0,062686286	0,022344826	0,071249067	0,074756069
227	0,043034109	0,077062963	0,086187782	0,000229166	0,010442957	0,085596935	0,093694509	0,093197283	0,018600351	0,097871394	0,058635324	0,092797944	0,099076658
228	0,06775745	0,042030947	0,072106594	0,062849496	0,065934073	0,077465569	0,025106081	0,075895969	0,099196371	0,094985943	0,014837366	0,06611709	0,062236845
229	0,070294168	0,063510858	0,009087577	0,057752228	0,086200496	0,066930382	0,055611671	0,078967173	0,073509643	0,022975688	0,070764217	0,097012765	0,035848488
230	0,003195355	0,015652387	0,022357446	0,010511744	0,076168135	0,004626084	0,046029448	0,032318483	0,009612345	0,035849615	0,092033918	0,033049218	0,087905626
231	0,020382351	0,080592787	0,001156204	0,036149373	0,007025651	0,003275986	0,011072667	0,060342257	0,039439723	0,080771899	0,045394005	0,090268527	0,095635263
232	0,041338437	0,060346792	0,042311809	0,043590917	0,075338846	0,003556332	0,026607586	0,059213488	0,030080507	0,071742097	0,015318693	0,046170221	0,047893024
233	0,097129073	0,064765184	0,085303737	0,06019922	0,02767177	0,01148986	0,061783213	0,057760533	0,074500591	0,06492801	9,21E-05	0,061965809	0,042163416
234	0,049888617	0,043642196	0,012497797	0,050548808	0,067095248	0,071701727	0,027425635	0,001184051	0,098347233	0,008132818	0,030317073	0,069645654	0,010308565
235	0,057826844	0,038132683	0,027819016	0,010192816	0,013936713	0,005697445	0,056891304	0,028668546	0,046417112	0,001348911	0,004817955	0,079016662	0,014467357
236	0,047262369	0,048424693	0,087047898	0,03614505	0,024990647	0,093801204	0,083035623	0,028678686	0,036357254	0,044120713	0,009497607	0,032636542	0,06446002
237	0,085893946	0,011024778	0,077073526	0,053466853	0,036797216	0,022000523	0,088615959	0,063745179	0,041719263	0,036186545	0,016582015	0,051474725	0,05365542
238	0,067341305	0,012396176	0,079354618	0,088159743	0,066580756	0,063207991	0,085582491	0,051409768	0,000615331	0,046132644	0,008028575	0,096827614	0,016287075
239	0,041405925	0,08136315	0,036889792	0,021021771	0,02538112	0,057600562	0,065624809	0,039872455	0,049079613	0,083091528	0,08291402	0,070003436	0,025625564
240	0,004444447	0,074096215	0,039092061	0,061657681	0,062403555	0,081124218	0,063668779	0,034440634	0,043155101	0,018324176	0,026165106	0,017788553	0,070581735
241	0,02582946	0,001012751	0,026282193	0,055382315	0,024233932	0,088645862	0,083337612	0,004151375	0,037521358	0,075090476	0,077130417	0,020417577	0,059791306
242	0,077933218	0,029111153	0,077069959	0,074438577	0,056976356	0,008813126	0,070537079	0,06889574	0,084747338	0,053244941	0,006839645	0,096392788	0,043361565
243	0,060268938	0,048136583	0,028401699	0,093740371	0,064056941	0,097511996	0,04495412	0,005111069	0,033480573	0,029625124	0,070234375	0,08447944	0,02953002
244	0,086505929	0,02641363	0,029918272	0,069792087	0,074467551	0,09490993	0,054010107	0,089089786	0,084780881	0,079761675	0,072786799	0,0035564	0,002681069
245	0,02422438	0,031867913	0,092684154	0,086503654	0,054778464	0,010509791	0,061032208	0,004810101	0,016670972	0,03963221	0,003210254	0,003439569	0,004857333
246	0,094571384	0,058655094	0,099458236	0,055194653	0,090990989	0,072865821	0,003379579	0,011643323	0,027552611	0,069869947	0,034943838	0,084772971	0,024244064
247	0,056670744	0,095240783	0,057387086	0,03212888	0,082979203	0,098753427	0,049261839	0,005553929	0,006251216	0,002984195	0,00324605	0,077728998	0,073867111
248	0,058318482	0,020010704	0,081567144	0,076916672	0,015825043	0,069897759	0,091234722	0,075115207	0,018267706	0,002355386	0,085973552	0,012611343	0,014360536
249	0,051380359	0,070761152	0,00716884	0,026507515	0,020913858	0,057402681	0,005262934	0,033370875	0,071649046	0,002474478	0,080895163	0,070240905	0,07656566
250	0,023748889	0,021979704	0,077209605	0,009436183	0,043634788	0,063280153	0,077576714	0,007758454	0,032603879	0,04547858	0,095706346	0,077790229	0,082864893
251	0,074405685	0,063835097	0,070319259	0,000422547	0,057387329	0,007131448	0,07899982	0,007856017	0,04864131	0,097690874	0,034659231	0,098993468	0,036434123
252	0,072581166	0,098755502	0,057373144	0,092334563	0,018667077	0,092551775	0,049315157	0,036135759	0,077844986	0,031337839	0,091604873	0,062104866	0,019317178
253	0,032528011	0,073507849	0,098423786	0,012349928	0,067765955	0,060624458	0,011403564	0,045512737	0,010505455	0,066692416	0,026941091	0,051433014	0,079257619
254	0,077235173	0,062954603	0,067975399	0,024829724	0,025111555	0,055227941	0,099511354	0,081408015	0,068319427	0,003396569	0,087356391	0,092685744	0,061924157
255	0,03045395	0,079802369	0,047611035	0,031496691	0,051432163	0,04757587	0,077843155	0,03440763	0,01377344	0,056281856	0,029144112	0,083928242	0,098424984
256	0,026533296	0,097723187	3,17E-05	0,016607374	0,005519843	0,010188382	0,071020001	0,013148374	0,088650228	0,099855252	0,022638114	0,090788576	0,021425029
257	0,087141874	0,095087226	0,082186324	0,066183576	0,058024987	0,010423695	0,034368384	0,006575206	0,092740922	0,064571836	0,081350406	0,07705232	0,099762692
258	0,071425192	0,033878305	0,001306745	0,000437496	0,037906767	0,057179209	0,009705571	0,036299522	0,054884591	0,074810855	0,08325947	0,085223438	0,073509779
259	0,079036018	0,037285073	0,061468316	0,07889617	0,005973983	0,003559907	0,029433838	0,015487376	0,02904396	0,050591886	0,09771455	0,086357019	0,076064137
260	0,038755742	0,036240047	0,054998886	0,04492432	0,01886036	0,002694046	0,010521478	0,053436385	0,0070255	0,011011502	0,035304158	0,097299856	0,050605013
261	0,021284281	0,034017156	0,001617981	0,048479095	0,056438042	0,032506535	0,094214395	0,056530682	0,081146835	0,005244386	0,074838078	0,05502613	0,024720237
262	0,085200215	0,044550197	0,016316512	0,003140986	0,001787692	0,095380371	0,037222475	0,008090514	0,003372935	0,094372061	0,009488846	0,09928215	0,039531704
263	0,015027697	0,090479724	0,055483947	0,038274417	0,077297318	0,080700883	0,042265023	0,090814286	0,032195381	0,068680912	0,081410147	0,052254547	0,020493646
264	0,049000305	0,062044059	0,09272926	0,087967077	0,053433445	0,007037326	0,013711479	0,038057827	0,077189272	0,010663175	0,011059494	0,068219596	0,059782147
265	0,084926439	0,067386286	0,040183987	0,070717929	0,09583782	0,033912196	0,056398663	0,047521962	0,012517278	0,088132943	0,051144893	0,089431456	0,07341487
266	0,079898268	0,029296369	0,016124274	0,041744816	0,092361702	0,033672155	0,011986614	0,076124662	0,079424519	0,050102762	0,048885183	0,010996255	0,036919085
267	0,044653881	0,052561532	0,058700222	0,074671665	0,022148509	0,041543145	0,025567449	0,016525648	0,04810433	0,072050926	0,022479008	0,033596438	0,090145141
268	0,001623691	0,058549115	0,01460276	0,091095418	0,053823665	0,020098459	0,045214897	0,057471744	0,085850849	0,098850379	0,057834989	0,038094832	0,036102755
269	0,045896092	0,010347748	0,099755542	0,026461052	0,02503835	0,031286376	0,061362572	0,028181706	0,02631022	0,010232365	0,076082421	0,096571876	0,00873913
270	0,04586451	0,09282091	0,067230776	0,05436431	0,0223267	0,041650688	0,096217232	0,002532209	0,046440942	0,002635257	0,049047102	0,045861545	0,033733305
271	0,062231703	0,042442282	0,053568225	0,035278098	0,089063074	0,091171741	0,044922034	0,027177216	0,025146673	0,017657033	0,068749155	0,043446843	0,050731624
272	0,095183735	0,052311242	0,051878758	0,061682007	0,091383869	0,091639883	0,034784574	0,064754676	0,044774715	0,010522819	0,027511522	0,003672536	0,020695425
273	0,098541531	0,094227693	0,094464421	0,068638806	0,032729097	0,092468416	0,024765955	0,068500604	0,076748146	0,011733663	0,052946225	0,007126623	0,024625479
274	0,037821389	0,014629901	0,091482308	0,058748625	0,026004415	0,061430081	0,029944219	0,06652696	0,044615285	0,023218451	0,017389481	0,055174312	0,08858404
275	0,01252081	0,085570478	0,036883009	0,077695276	0,062868795	0,073463429	0,027401664	0,034308555	0,065828962	0,045246914	0,033122476	0,077897504	0,02740878
276	0,055805337	0,02813231	0,012165805	0,034794865	0,001884983	0,068234786	0,091377038	0,071853956	0,045368623	0,037896888	0,080068665	0,068843093	0,070935461
277	0,089983808	0,048854294	0,010819666	0,037704998	0,039613817	0,062784122	0,015095046	0,086864871	0,035221868	0,040909495	0,093681885	0,013084793	0,095084666
278	0,084395111	0,032866283	0,023059769	0,000861623	0,091073673	0,04716088	0,08133324	0,026902961	0,017992472	0,045293685	0,080892527	0,026222015	0,070776227
279	0,037645297	0,012623921	0,090296225	0,047619539	0,006227103	0,058318386	0,076718407	0,066380608	0,067300981	0,071140349	0,019689083	0,017036386	0,074374568
280	0,001587609	0,027862947	0,041624684	0,008096775	0,069772118	0,068509936	0,027139119	0,056542107	0,014279201	0,019291511	0,065586603	0,098414664	0,092875972
281	0,000139582	0,004100296	0,022999318	0,069079593	0,016242447	0,008559034	0,031790566	0,089379798	0,013406924	0,044579017	0,057330508	0,013041151	0,052384604
282	0,027757757	0,061621917	0,013365283	0,013335954	0,076830417	0,084590365	0,07067672	0,007036667	0,030075915	0,013113406	0,033002608	0,008998261	0,06554245
283	0,054288469	0,045025845	0,093804669	0,019427697	0,042430569	0,053372953	0,074706106	0,056804396	0,044810225	0,02406644	0,010137698	0,020094543	0,061452875
284	0,030432292	0,011479263	0,002295333	0,01716336	0,01881754	0,057512654	0,010749605	0,039024098	0,092810777	0,035476694	0,002422317	0,041221602	0,081633411
285	0,061838211	0,05166728	0,076026038	0,033018742	0,085264594	0,054608259	0,090238912	0,030183071	0,013396737	0,010975281	0,037914558	0,033599416	0,090702467
286	0,038254443	0,059101532	0,040554756	0,077150281	0,034808789	0,082619017	0,03006632	0,032320211	0,095230805	0,04312486	0,085866129	0,096641395	0,068163167
287	0,083953803	0,012427586	0,020404044	0,066978012	0,066395327	0,048256224	0,085796276	0,022011965	0,009135684	0,071511942	0,017381949	0,054862543	0,024290777
288	0,084306011	0,081682237	0,007532002	0,051383717	0,095383533	0,020444519	0,069724979	0,067790361	0,090031344	0,058661908	0,098649049	0,007066712	0,015090428
289	0,094586392	0,033312017	0,038803673	0,05693525	0,032479137	0,016846456	0,082536089	0,060210379	0,092644615	0,011019687	0,009660513	0,023280137	0,06359923
290	0,028400323	0,066648618	0,078627202	0,009999493	0,000221532	0,032172963	0,044812466	0,035730482	0,015786883	0,07950311	0,058727341	0,044545671	0,055120243
291	0,008147296	0,042542612	0,095633033	0,030813729	0,02783168	0,007013525	0,011105198	0,007150355	0,085546814	0,060860366	0,09085182	0,085426682	0,009235242
292	0,091123223	0,059217798	0,06997103	0,034911774	0,065812713	0,045011907	0,017039195	0,029152332	0,063403838	0,088449546	0,081860357	0,085775529	0,063296696
293	0,028452186	0,079137344	0,00464598	0,090635561	0,084645567	0,005909132	0,059056395	0,039584819	0,029260423	0,071879809	0,055651308	0,063707282	0,079826378
294	0,072886959	0,017740485	0,038124773	0,01381379	0,047603022	0,080468322	0,089777686	0,081765682	0,039372268	0,082938168	0,090609228	0,096198978	0,00478124
295	0,056295248	0,045728869	0,072761574	0,078554496	0,078978942	0,032097431	0,082730154	0,093731952	0,067412909	8,24E-05	0,096019948	0,084814135	0,046341288
296	0,01825788	0,054158481	0,099095655	0,047345138	0,020283841	0,013978455	0,06145853	0,023290412	0,089347694	0,049648214	0,062534525	0,011054585	0,086837752
297	0,026193272	0,015788208	0,085964478	0,009070941	0,012150492	0,096586196	0,083529145	0,070482241	0,006218669	0,027305388	0,092705744	0,084437489	0,000935557
298	0,070340158	0,032664363	0,065149383	0,031861856	0,054173036	0,021914413	0,076208322	0,014605996	0,057903357	0,090615834	0,04750481	0,045036939	0,088899931
299	0,080166502	0,056639361	0,074529957	0,072162393	0,020683352	0,01252483	0,044293756	0,09294296	0,089613192	0,093055514	0,006178707	0,012320894	0,019388645
300	0,011054834	0,042208555	0,016243549	0,098617283	0,068773342	0,027881015	0,052053008	0,049293687	0,081999592	0,099684356	0,034055874	0,011421569	0,01137191
301	0,031208005	0,058751889	0,050158339	0,049827889	0,046553346	0,091148024	0,084399974	0,086604591	0,012702502	0,08989436	0,012561676	0,033012655	0,034985881
302	0,011937991	0,029572151	0,060387942	0,081173037	0,028137153	0,033563709	0,061351578	0,012872114	0,014968679	0,003497806	0,007063693	0,09167919	0,083246298
303	0,089551718	0,014673973	0,098958564	0,00760199	0,054918773	0,009678743	0,017279631	0,018533473	0,05778013	0,020105344	0,07785972	0,092686927	0,003516925
304	0,090956782	0,010765692	0,073529942	0,011408888	0,041017823	0,074663621	0,091606599	0,025177757	0,042649358	0,041493186	0,079621981	0,013378198	0,087148397
305	0,088807814	0,026607594	0,014732396	0,063373987	0,064029953	0,088504926	0,043469611	0,045834094	0,074136022	0,015958305	0,009056883	0,065582748	0,086244219
306	0,050895315	0,009623063	0,093660716	0,020649391	0,049396979	0,072477971	0,094344959	0,099522072	0,00101014	0,074198993	0,025540194	0,056548581	0,096027783
307	0,091471152	0,071977324	0,058053544	0,000495701	0,079547457	0,047865198	0,015123708	0,051618304	0,045538373	0,013653802	0,083798266	0,08495054	0,08356011
308	0,074721556	0,058774596	0,050699528	0,07434313	0,016131394	0,034445401	0,062029764	0,014306111	0,054901119	0,00635607	0,048951993	0,058086108	0,007809089
309	0,088710267	0,081932756	0,040325718	0,070766377	0,047784927	0,072130212	0,069279818	0,094752032	0,049195938	0,032785729	0,054798251	0,074124282	0,009060724
310	0,079578779	0,024971872	0,002966949	0,065998025	0,054151916	0,050349862	0,065678614	0,085078242	0,030151738	0,025573001	0,063105885	0,077944994	0,047243488
311	0,001532304	0,042978272	0,047533285	0,084933487	0,007734781	0,009402869	0,084229673	0,022591173	0,074471735	0,039532136	0,082277107	0,001733094	0,070694373
312	0,01732221	0,021392932	0,053204753	0,02271968	0,014097573	0,070817588	0,024030604	0,087594204	0,061886722	0,023917257	0,044663795	0,081504491	0,081526532
313	0,043444932	0,023528461	0,013614374	0,030526585	0,047538549	0,010666967	0,074820606	0,019846485	0,052679242	0,043989662	0,031292001	0,05125126	0,026173707
314	0,02409295	0,021464554	0,079755563	0,070080596	0,085549303	0,092228614	0,035418346	0,081241956	0,061454851	0,008947363	0,056832256	0,025525616	0,054421378
315	0,049553184	0,072547531	0,055118779	0,011398359	0,099502243	0,003099188	0,004536713	0,00446961	0,052922661	0,048492608	0,065448592	0,084950525	0,057785359
316	0,017598512	0,064962884	0,021899672	0,04222219	0,080755289	0,089500682	0,001172767	0,096486346	0,010073728	0,083496948	0,030392834	0,071911275	0,021552993
317	0,081503957	0,077156158	0,035922458	0,026544142	0,023619208	0,001961817	0,057279102	0,098412185	0,037338287	0,026662449	0,089068102	0,092789454	0,029839636
318	0,010292783	0,033619784	0,073884204	0,03622055	0,04810946	0,072671541	0,045849518	0,003749078	0,04225243	0,066065865	0,035202867	0,011533846	0,001408505
319	0,088385571	0,041619428	0,095662237	0,013660464	0,072590641	0,090659444	0,067006623	0,040940567	0,098612582	0,037393745	0,027224315	0,040620593	0,012491662
320	0,066532112	0,003586708	0,076461557	0,07196577	0,016204957	0,010766163	0,011654307	0,023948583	0,075572795	0,08096093	0,020295087	0,096256126	0,016304868
321	0,043574462	0,031796846	0,086231231	0,075542124	0,083568708	0,074847298	0,014330362	0,044456389	0,047437753	0,09044675	0,001429964	0,015202137	0,070090641
322	0,056193462	0,02319891	0,078814096	0,03645214	0,003080132	0,083401462	0,049609113	0,08489279	0,056278076	0,048048294	0,011761988	0,056527262	0,037840427
323	0,041809965	0,028988817	0,069687508	0,004615246	0,000430411	0,016459465	0,0911347	0,037560746	0,027456634	0,064196955	0,05089772	0,068343953	0,075584903
324	0,029227601	0,023425564	0,054401063	0,064968642	0,027249502	0,063788714	0,032582395	0,009352368	0,069314496	0,099630054	0,040861202	0,041219196	0,069646524
325	0,047666962	0,057326187	0,032967638	0,068654768	0,000541021	0,073176113	0,031488697	0,024296228	0,067840061	0,024648257	0,085248194	0,064880539	0,014675836
326	0,035980581	0,036110492	0,084728804	0,033153471	0,002043868	0,081276367	0,02903848	0,0932695	0,012890982	0,052815373	0,099741245	0,016832247	0,070700632
327	0,011756994	0,039500662	0,028997572	0,080849235	0,038703308	0,084871171	0,007123272	0,059004155	0,060657178	0,088926853	0,074960527	0,053612644	0,083363911
328	0,020308559	0,098504883	0,088139731	0,009202211	0,048694349	0,094316313	0,028233814	0,077262366	0,071621231	0,090683802	0,040856971	0,024659902	0,060369454
329	0,003253306	0,087981619	0,026692709	0,086945808	0,049055345	0,047666131	0,030787888	0,064492739	0,035633796	0,024442784	0,071576242	0,066420004	0,093937889
330	0,09836743	0,07754304	0,02823761	0,002153468	0,065780278	0,096619384	0,00775368	0,059016245	0,057273148	0,092103877	0,045764293	0,062413838	0,008574429
331	0,053880345	0,078490065	0,089691139	0,03883742	0,056161947	0,036132003	0,022283968	0,003592359	0,049632602	0,082385449	0,011810321	0,073603034	0,031679582
332	0,049578916	0,006533809	0,029213901	0,009204111	0,081509494	0,007961093	0,038683228	0,005761969	0,030148191	0,064617756	0,027346632	0,062360845	0,086026377
333	0,058587736	0,090259398	0,081801879	0,017077189	0,004777269	0,063360477	0,084762115	0,033627357	0,08745998	0,09798084	0,083098739	0,076543997	0,010871885
334	0,063104687	0,098630806	0,07780691	0,050795119	0,014092306	0,006679603	0,013995317	0,0782395	0,043032266	0,070336219	0,006592596	0,010435683	0,06294787
335	0,039199537	0,090210663	0,088914604	0,062394875	0,016381268	0,002933033	0,095933882	0,029623192	0,057260283	0,021872491	0,029230111	0,063186609	0,04090746
336	0,066439447	0,012697963	0,049566439	0,034486044	0,029484478	0,060000918	0,03743308	0,021236518	0,09655576	0,02129407	0,013738693	0,011575513	0,036038823
337	0,000901273	0,021993206	0,071212651	0,003432892	0,037101492	0,085122571	0,059760909	0,091521967	0,068187683	0,09801236	0,017439608	0,027106484	0,003121423
338	0,013510944	0,051948855	0,067317022	0,009362093	0,066822247	0,046456938	0,035826353	0,024686019	0,010317253	0,099534082	0,085312392	0,082695604	0,048769608
339	0,090083752	0,081046391	0,0667839	0,034583229	0,053424464	0,074201859	0,08746929	0,013214707	0,012152351	0,040111549	0,05625085	0,042097555	0,058436767
340	0,016872385	0,040349741	0,064027767	0,008428913	0,039544662	0,04803887	0,081831404	0,075911257	0,033781948	0,097778272	0,019085669	0,005502509	0,05323807
341	0,04026608	0,058734617	0,048773914	0,007167515	0,08922678	0,031643414	0,072385115	0,006966767	0,050251597	0,041502299	0,093671862	0,060524549	0,02659827
342	0,071692694	0,005885713	0,006553625	0,026021378	0,002909203	0,036616299	0,008434478	0,063771416	0,087542156	0,023160752	0,085957852	0,056700631	0,030250953
343	0,057342762	0,063933894	0,024530117	0,017081934	0,009909884	0,080574606	0,029963542	0,005466471	0,010808835	0,003380301	0,000491709	0,042283972	0,035662374
344	0,073062945	0,017799567	0,021533275	0,051173106	0,000548588	0,004450825	0,096387584	0,016136991	0,099861048	0,012800915	0,028135585	0,047445526	0,002200794
345	0,051494196	0,036065574	0,031923538	0,033493493	0,045921869	0,098228422	0,068759986	0,000452139	0,015486372	0,081018597	0,035745026	0,037453407	0,017610442
346	0,093200197	0,00944569	0,027172475	0,014071529	0,031509324	0,037586062	0,08095072	0,037916441	0,040502253	0,007570555	0,060459081	0,048642637	0,042027876
347	0,066072175	0,035582404	0,079479881	0,047393883	0,037444047	0,035472022	0,04192017	0,002225109	0,00203331	0,044091189	0,04895051	0,080826451	0,057497926
348	0,097366996	0,051120592	0,038814297	0,021311943	0,004745549	0,037294503	0,051673954	0,071986761	0,04783992	0,057290603	0,031861943	0,05865096	0,02720021
349	0,069921869	0,020705886	0,041304914	0,075658963	0,047828682	0,052535227	0,075284621	0,037033349	0,0885974	0,045907376	0,019848688	0,00190956	0,078238476
350	0,041426154	0,011260293	0,073413795	0,083106231	0,029421923	0,084674593	0,097434046	0,077188715	0,067704702	0,00746598	0,070683835	0,070881383	0,07633472
351	0,020160575	0,042095946	0,032880333	0,046222247	0,069366281	0,079732055	0,095099168	0,09328442	0,094147558	0,033641512	0,069049483	0,087945256	0,047304959
352	0,070492514	0,011706734	0,018886986	0,059219962	0,007614387	0,019742037	0,091244417	0,065477016	0,032735587	0,098410708	0,007369417	0,022753079	0,052544387
353	0,018371104	0,03867983	0,067590096	0,098011946	0,012932323	0,064380705	0,006880949	0,087511952	0,06982464	0,090484718	0,079975148	0,034551767	0,013099511
354	0,095850125	0,098879743	0,053248448	0,097030764	0,026732603	0,089291479	0,09698654	0,008278808	0,059701607	0,006220388	0,097431154	0,085050908	0,07943321
355	0,026232687	0,079081531	0,010762506	0,051123657	0,051845102	0,004798209	0,026029148	0,035782938	0,025472045	0,014802834	0,009440854	0,064159925	0,078627399
356	0,077044537	0,097216867	0,036128769	0,041446397	0,04654129	0,029266953	0,039614428	0,06955628	0,075677462	0,01157936	0,074239876	0,076576638	0,056964135
357	0,048934791	0,013517366	0,052784325	0,030338691	0,039671849	0,00508569	0,009750789	0,010985131	0,019292781	0,005192565	4,35E-05	0,009540719	0,019442863
358	0,002543257	0,013167219	0,089091861	0,047285585	0,026919974	0,012252111	0,063636185	0,020006765	0,021968741	0,054226579	0,031736376	0,061331192	0,060114152
359	0,097399301	0,040615113	0,000174272	0,016005057	0,001923383	0,022499429	0,078333432	0,086627877	0,036994994	0,090029791	0,022622291	0,019005253	0,008146676
360	0,025098	0,028507602	0,029936277	0,012647892	0,091461252	0,079350968	0,094715196	0,02754644	0,078732839	0,076023365	0,093602445	0,018759112	0,055374758
361	0,004282979	0,036392731	0,067977132	0,011920293	0,006432144	0,056381523	0,081375798	0,012914186	0,012660711	0,032307556	0,096649355	0,083060665	0,033326308
362	0,042563585	0,092460812	0,095761269	0,021281502	0,058105158	0,067475512	0,003564088	0,065299286	0,005301665	0,068836235	0,093181584	0,067195543	0,061554035
363	0,073479175	0,043093965	0,051741694	0,014607267	0,054354055	0,038507911	0,0590147	0,033883025	0,001155759	0,052947424	0,023348894	0,077136537	0,034955083
364	0,033019219	0,069516049	0,08237887	0,070778657	0,030543762	0,052078967	0,012664903	0,046581624	0,001424985	0,066270673	0,037387133	0,093573159	0,054512824
365	0,093153009	0,004916543	0,027762215	0,058275356	0,00772719	0,010133653	0,096044722	0,055395674	0,055332482	0,050668585	0,020309699	0,07129582	0,013900783
366	0,007042381	0,008771167	0,010226273	0,000224427	0,002521895	0,09024453	0,041912467	0,017099731	0,011495798	0,040303186	0,087758131	0,094379958	0,075468144
367	0,011017503	0,083783367	0,012026222	0,0019616	0,045959177	0,064650866	0,061251343	0,013435057	0,064701687	0,009382308	0,09239234	0,083598348	0,003744702
368	0,043589954	0,013005557	0,056681114	0,052128914	0,096956393	0,020633846	0,038131084	0,068521843	0,019665542	0,096779924	0,002510221	0,09234588	0,010108151
369	0,053549011	0,097597805	0,054990935	0,098492772	0,092510984	0,083553836	0,075303977	0,003933113	0,094469019	0,093693775	0,053828197	0,028738119	0,008014285
370	0,043187901	0,016895624	0,003759989	0,099598663	0,023991553	0,092139899	0,098555883	0,015568992	0,026910194	0,076616323	0,096682439	0,002012413	0,011546706
371	0,096479901	0,033167399	0,018267625	0,093322207	0,058015057	0,067805804	0,082589325	0,091675204	0,030749008	0,080991409	0,05024894	0,087394081	0,065604385
372	0,09742942	0,057010187	0,042107952	0,069461079	0,052771735	0,009323989	0,01224917	0,000928314	0,072289095	0,02595053	0,076573811	0,06135783	0,008917004
373	0,090320115	0,022617075	0,032477149	0,018384119	0,048983153	0,023288951	0,032968057	0,099452518	0,062255727	0,098778952	0,044409054	0,040877462	0,020339893
374	0,094567791	0,035841347	0,034720341	0,026183091	0,049928175	0,091831796	0,012577593	0,067608261	0,038615036	0,034523291	0,046323597	0,050800692	0,058333655
375	0,069409567	0,068283003	0,004376028	0,075957256	0,088135051	0,084512403	0,035726424	0,074277035	0,096567126	0,026762674	0,060879898	0,098986218	0,006591856
376	0,097885532	0,045639311	0,031971769	0,023246615	0,017117691	0,080173523	0,061311236	0,069734358	0,027713237	0,041874686	0,088080509	0,071374495	0,026901408
377	0,072479016	0,026972683	0,019272429	0,004536474	0,099100384	0,090318542	0,054432493	0,035661112	0,089267772	0,08819553	0,014535961	0,05035543	0,029614413
378	0,042546903	0,020629291	0,017963008	0,013781824	0,099744785	0,058946264	0,021302045	0,035473225	0,041852276	0,056856767	0,014861384	0,003883963	0,066877055
379	0,0278519	0,002412777	0,099457573	0,061523793	0,083189922	0,063754933	0,020002297	0,026143915	0,033433424	0,005428209	0,031436249	0,011886392	0,075504948
380	0,09064545	0,024147771	0,049029231	0,09164617	0,030350399	0,008329898	0,028171966	0,064840496	0,044748406	0,040814243	0,026013	0,04081981	0,007777016
381	0,040670373	0,031090047	0,034243372	0,009276692	0,054672867	0,033638799	0,081204714	0,007019031	0,099244794	0,072580769	0,04398863	0,010539021	0,073441215
382	0,087120399	0,056394399	0,037374811	0,022829831	0,08018171	0,096049878	0,037770259	0,047208306	0,060589777	0,043419418	0,040532963	0,092866446	0,044512822
383	0,084608153	0,043340655	0,002698155	0,0222814	0,066582877	0,020458746	0,060604816	0,014650792	0,058973455	0,042839698	0,007951658	0,033119591	0,008231389
384	0,065797141	0,047366088	0,055536931	0,06881061	0,043590339	0,083052434	0,052029553	0,055919831	0,022463786	0,062872065	0,084238187	0,019789396	0,089244251
385	0,015754812	0,002914422	0,002229205	0,090410923	0,095063419	0,052606729	0,073889343	0,092002127	0,068802385	0,082498441	0,0012574	0,048375522	0,088647852
386	0,051608846	0,02873757	0,006056571	0,088469647	0,037715644	0,08501454	0,004015152	0,083085492	0,073774751	0,045571401	0,087503919	0,04195634	0,067733759
387	0,010046582	0,074518924	0,055295832	0,098771939	0,099378206	0,065322226	0,015884827	0,086898115	0,056245759	0,051509589	0,066217384	0,075787297	0,090784719
388	0,026451335	0,03604468	0,022316428	0,014582027	0,093934587	0,092506598	0,039582954	0,033898413	0,016005107	0,044956929	0,03610611	0,024900505	0,016106963
389	0,043847857	0,054840373	0,014138534	0,057321476	0,078566829	0,022357976	0,097968331	0,03842828	0,086123738	0,022235025	0,082329296	0,005097954	0,060524468
390	0,046601324	0,033694482	0,037586849	0,055461121	0,052867873	0,041400673	0,047573413	0,04412988	0,009571143	0,006461736	0,061179937	0,027329449	0,09504531
391	0,035376103	0,000993714	0,018358484	0,067345716	0,047092403	0,096748999	0,081214369	0,069366194	0,062796104	0,02696628	0,095123827	0,017252141	0,093274844
392	0,076746605	0,030813517	0,061477021	0,057278214	0,00208415	0,099618353	0,054081833	0,078079235	0,095348752	0,043708375	0,098429368	0,050998176	0,049429134
393	0,078673904	0,001710127	0,07923139	0,00701027	0,02671982	0,015396469	0,076729293	0,083940225	0,03073487	0,026954282	0,060000002	0,033880856	0,036998362
394	0,092056195	0,020326439	0,07656963	0,078196059	0,044201425	0,054422437	0,072802888	0,083397942	0,017636251	0,050240046	0,097418735	0,072447574	0,046821882
395	0,072928685	0,073756063	0,005039899	0,085801327	0,095434987	0,006688636	0,011440765	0,04013234	0,066236334	0,045263084	0,078299691	0,086031944	0,054243064
396	0,099931329	0,017989362	0,025674198	0,054722395	0,084300437	0,048930316	0,016437037	0,042827424	0,073932063	0,042945754	0,040657019	0,079818678	0,086541053
397	0,044298952	0,021981083	0,070267132	0,003845615	0,056387531	0,018059506	0,018525036	0,093656842	0,097343161	0,014189511	0,079172385	0,087840892	0,063643729
398	0,053626987	0,021369272	0,095371088	0,097986137	0,034448948	0,076125983	0,041122862	0,095790764	0,098189223	0,073324689	0,02923837	0,073180639	0,066273362
399	0,028530686	0,004941861	0,095452772	0,012099229	0,081398141	0,092568583	0,018389306	0,086495106	0,038166035	0,077637074	0,05741544	0,066277619	0,075873679
400	0,016722324	0,093319087	0,046572175	0,045338854	0,085899436	0,031645215	0,035575731	0,03655275	0,004202802	0,061199713	0,097103372	0,031217685	0,097026017
401	0,047226096	0,067525696	0,094033017	0,020128101	0,039849867	0,052260765	0,079631955	0,039058882	0,076084075	0,036780973	0,021005374	0,09323376	0,094223624
402	0,049144437	0,042896013	0,019810175	0,046675006	0,040586472	0,082209112	0,005134916	0,074457468	0,04151224	0,039840482	0,006842158	0,094345732	0,048980861
403	0,059203159	0,041958828	0,017744456	0,03935852	0,025780999	0,043951375	0,005594415	0,029185048	0,056588009	0,085570675	0,02505756	0,048409093	0,088905614
404	0,048206327	0,046030592	0,036156148	0,072384575	0,087435898	0,034381178	0,074449768	0,088380878	0,056509743	0,094018353	0,034459506	0,099050282	0,08989328
405	0,090031158	0,08291489	0,001655766	0,034731626	0,028645987	0,040486735	0,06223428	0,005274183	0,019827657	0,023790394	0,08799669	0,027951101	0,092542114
406	0,003575317	0,034426707	0,07878294	0,025212209	0,089466574	0,039903268	0,080349619	0,067243957	0,081384533	0,003576901	0,009877884	0,015611124	0,057836993
407	0,036638644	0,076352356	0,058595512	0,019660687	0,070904197	0,088296096	0,008193379	0,063360816	0,096010469	0,063013755	0,001759858	0,069348517	0,054393086
408	0,000866401	0,074848113	0,094669496	0,000584371	0,021669883	0,033512945	0,081182713	0,085425675	0,043109356	0,055401308	0,002811431	0,075569307	0,091009688
409	0,050875059	0,007460548	0,027650617	0,090169661	0,048312795	0,041376076	0,031626807	0,026366293	0,08992294	0,092879172	0,09070022	0,0651463	0,056764168
410	0,036352977	0,011343006	0,08280362	0,033860634	0,014381446	0,005669223	0,093833195	0,018123704	0,097177371	0,027954398	0,017424758	0,099674641	0,052500614
411	0,017690204	0,008739603	0,018578406	0,011876755	0,014498891	0,016780944	0,075999735	0,014436698	0,048369932	0,034234549	0,018961145	0,050639963	0,050889368
412	0,013070932	0,004396441	0,041907342	0,097572521	0,091511291	0,024128937	0,072533884	0,040759114	0,038710283	0,078811827	0,062627226	0,002642059	0,064038447
413	0,082117447	0,03832116	0,040885995	0,092195068	0,035232117	0,054171914	0,018134041	0,008872416	0,063622793	0,034557611	0,099637377	0,037302288	0,06220806
414	0,06349322	0,009924167	0,059792186	0,09693785	0,007001056	0,057299414	0,010158396	0,087903386	0,07921778	0,008720118	0,028552471	0,095911827	0,046446686
415	0,081662057	0,051039432	0,006555133	0,063863952	0,084794359	0,051756304	0,065790094	0,005706504	0,026985939	0,088856907	0,089548232	0,060279318	0,098796912
416	0,085780872	0,011654091	0,04994056	0,096513037	0,035018573	0,049325939	0,012107635	0,044787012	0,014233227	0,099259262	0,03205067	0,065553562	0,063500128
417	0,062007629	0,046773434	0,027726162	0,049205624	0,081434784	0,008250523	0,084568651	0,03868215	0,035524027	0,070903827	0,081939094	0,084319912	0,052000894
418	0,048576849	0,076360484	0,006585116	0,099016425	0,077545048	0,093649656	0,007954129	0,086489825	0,054709384	0,006781101	0,046432792	0,046781037	0,025014896
419	0,083293531	0,078170013	0,08737792	0,072547718	0,072268434	0,034230482	0,00073946	0,014664523	0,041025253	0,003671191	0,036798254	0,016786455	0,053114499
420	0,056083393	0,067382199	0,067649865	0,039627791	0,067689922	0,061330803	0,066450733	0,026392374	0,08561043	0,066612426	0,031440019	0,052904258	0,018801862
421	0,057438061	0,035893366	0,026223139	0,076153643	0,023138177	0,01247277	0,072829393	0,003514116	0,033389607	0,060591101	0,089320455	0,010571861	0,047784408
422	0,072846899	0,064859386	0,023345415	0,072511889	0,071093049	0,022952602	0,064576327	0,028408913	0,036471517	0,085627187	0,072143661	0,040116933	0,034924238
423	0,035625257	0,0132773	0,085148665	0,085484588	0,04083017	0,069972308	0,073387496	0,03761609	0,061953644	0,083625246	0,02688006	0,092620358	0,067395837
424	0,082120006	0,042106951	0,083755286	0,057574278	0,0157134	0,09637583	0,021094018	0,090225796	0,050843751	0,090691222	0,078775264	0,040108	0,094078329
425	0,080191318	0,054679135	0,016753189	0,0551635	0,087989928	0,083462533	0,090829804	0,093523312	0,075748142	0,054657536	0,047060455	0,054722767	0,018026189
426	0,060679853	0,02712171	0,080691589	0,027140385	0,033732632	0,008230914	0,006847332	0,015646033	0,09615306	0,075347077	0,024907567	0,086288811	0,090386819
427	0,006206764	0,051048808	0,058252136	0,060360774	0,017890981	0,078100874	0,054438729	0,049048829	0,097291889	0,098729615	0,094292738	0,087217037	0,0171004
428	0,086298699	0,011427194	0,081988515	0,081079825	0,006754759	0,08436578	0,012386753	0,039941193	0,055011262	0,039881332	0,011916567	0,034781823	0,070264417
429	0,049790731	0,073736548	0,028191832	0,097071663	0,047700047	0,041781693	0,081417555	0,081211226	0,070033687	0,00112691	0,091164535	0,015376054	0,09981095
430	0,049868774	0,019963144	0,047928229	0,045833353	0,0421685	0,068075859	0,06132823	0,0156114	0,032060026	0,003675434	0,097424866	0,01878136	0,014503998
431	0,05823547	0,097784034	0,031346885	0,028141792	0,08730019	0,052808968	0,037818213	0,023715436	0,076564685	0,054814174	0,034482075	0,062360876	0,096004062
432	0,018416697	0,018587134	0,029655966	0,057216245	0,091017019	0,079246743	0,025815111	0,003706783	0,094316997	0,021207991	0,010247186	0,047265308	0,058533146
433	0,028215596	0,094821745	0,059378531	0,015424621	0,028511291	0,071619601	0,023865677	0,03614629	0,056296894	0,071309159	0,043204398	0,0740211	0,043573706
434	0,002085618	0,046228353	0,060807012	0,083444332	0,074726803	0,0083831	0,060890128	0,028157281	0,061036291	0,06496485	0,068891621	0,048118269	0,077417316
435	0,045901294	0,006483799	0,046437137	0,080603343	0,0029553	0,095987183	0,080178517	0,028325366	0,03828471	0,071270773	0,08511385	0,045304636	0,076578198
436	0,08023187	0,095271463	0,025390194	0,092233212	0,003362724	0,022516147	0,05967957	0,091922434	0,052451773	0,064421995	0,076309487	0,061435545	0,023550337
437	0,040550972	0,09438582	0,093580549	0,09739332	0,071413397	0,047102906	0,007495993	0,085380128	0,078988854	0,091765294	0,029147271	0,014015853	0,086192237
438	0,002171321	0,084508341	0,043497514	0,050707024	0,093324877	0,064093062	0,025225152	0,032676235	0,009071849	0,042919642	0,083628487	0,07406436	0,074929397
439	0,024940854	0,090278247	0,068817889	0,018281542	0,031613004	0,006554001	0,077436501	0,057627315	0,01089886	0,055475063	0,03586472	0,037691825	0,005650964
440	0,053134082	0,00095441	0,047165108	0,014897742	0,074175922	0,012898752	0,018336631	0,078539704	0,08604408	0,09728026	0,035128832	0,042865064	0,075589258
441	0,025162032	0,054271826	0,076070831	0,009182081	0,00858987	0,021836639	0,091297799	0,099867641	0,011057817	0,069185926	0,023375581	0,081230846	0,056704139
442	0,04468138	0,07205412	0,014793935	0,089603442	0,053124404	0,012809946	0,086451079	0,090246058	0,021112993	0,080828912	0,003048606	0,039527256	0,092584235
443	0,072208564	0,068852477	0,061267856	0,071906373	0,020515899	0,00441838	0,056677607	0,071022128	0,007681786	0,025480979	0,052464742	0,058497222	0,02806527
444	0,059016492	0,055782391	0,090751878	0,073198631	0,015832951	0,047460692	0,010957039	0,004971942	0,089241132	0,098204053	0,008605505	0,056573383	0,025711985
445	0,001570568	0,058700527	0,072859954	0,023953459	0,075913505	0,051892691	0,041459239	0,071031193	0,020895261	0,084892748	0,092772129	0,096677972	0,09787611
446	0,017340029	0,092449888	0,086318047	0,053494809	0,075034623	0,024939722	0,075852794	0,049926024	0,01544851	0,04510496	0,038603572	0,027227342	0,009979028
447	0,046873265	0,041864549	0,009475784	0,093811505	0,066664641	0,022614515	0,033151908	0,09971775	0,058015277	0,070389658	0,078322679	0,074057629	0,004841954
448	0,027538085	0,053464243	0,014410548	0,035760042	0,055984873	0,066542215	0,036970972	0,080228411	0,016992463	0,031721478	0,011273378	0,088107714	0,011434022
449	0,023661758	0,054268707	0,075847943	0,039870169	0,099688612	0,080566663	0,024944091	0,072538695	0,044069953	0,045351949	0,008840699	0,001199508	0,095190167
450	0,038568718	0,054415653	0,023673547	0,022219154	0,095692427	0,015878403	0,023010637	0,08865303	0,037665679	0,017706031	0,04876923	0,030547009	0,093764966
451	0,002528526	0,055841384	0,086669885	0,028906276	0,075775933	0,048576454	0,044047233	0,026881063	0,066409223	0,026775419	0,056746956	0,028195283	0,030471012
452	0,066094971	0,011983385	0,006777304	0,030474856	0,051772413	0,028160506	0,082191464	0,070852058	0,095502689	0,066784166	0,050415587	0,086238266	0,052513456
453	0,007667308	0,073670667	0,08496572	0,010887075	0,046984868	0,03654354	0,067269676	0,008568132	0,016707659	0,024126065	0,051626073	0,094628441	0,032913715
454	0,023611127	0,071781634	0,097897148	0,01223409	0,02901419	0,087591648	0,08539327	0,032558925	0,056275024	0,00809977	0,050041679	0,046603273	0,023242216
455	0,06604316	0,010799473	0,000702266	0,023538409	0,074258916	0,047741037	0,071502035	0,045675165	0,001200703	0,07348057	0,040424396	0,098178971	0,064138366
456	0,01545442	0,079985033	0,099621122	0,020798374	0,037715223	0,00038662	0,012927808	0,061930279	0,01045932	0,068151653	0,081306791	0,015423598	0,080950572
457	0,091200261	0,011033905	0,039012439	0,075022182	0,025741644	0,070303328	0,071393871	0,003967907	0,035665879	0,022718914	0,053006232	0,049705633	0,073965267
458	0,068600368	0,025949893	0,078789122	0,084674107	0,023767659	0,052046884	0,039195516	0,009380977	0,050788361	0,053212183	0,002193397	0,024189201	0,070416547
459	0,027451106	0,088270445	0,066483151	0,018477653	0,09768887	0,019950645	0,021919869	0,061932997	0,031332308	0,088287034	0,08567283	0,061698177	0,078345626
460	0,078850417	0,021359366	0,062582391	0,045056822	0,030488657	0,073416197	0,037188568	0,048028006	0,001404591	0,006181356	0,094860632	0,092625932	0,062635891
461	0,038382051	0,09979651	0,077619785	0,021051802	0,027816808	0,049794921	0,048284224	0,007517394	0,004723827	0,094101339	0,097335056	0,055423082	0,019054157
462	0,046057352	0,023212878	0,063077822	0,040791163	0,094417463	0,037023814	0,049510438	0,076051361	0,060513263	0,013607708	0,090861354	0,050417069	0,025942786
463	0,030777178	0,010477148	0,077879403	0,022606341	0,002324538	0,006509907	0,000812959	0,0044811	0,070663597	0,047989096	0,00852695	0,09584679	0,022200774
464	0,06355657	0,08990393	0,011180993	0,022018534	0,030534744	0,038942743	0,059959048	0,037134479	0,028500385	0,068640469	0,047254582	0,08377172	0,071283051
465	0,080943351	0,054978559	0,013424421	0,052544711	0,086868694	0,008543051	0,031052618	0,01469969	0,0715828	0,012106595	0,015000333	0,018360979	0,070104836
466	0,050308738	0,069042085	0,040146798	0,054888528	0,0278899	0,01814701	0,001959487	0,05635519	0,005964676	0,058872966	0,088021101	0,060130499	0,029326573
467	0,073535548	0,051554097	0,073010016	0,07583169	0,03341725	0,02459336	0,046555217	0,087272083	0,009843217	0,062430124	0,003685093	0,093280102	0,001506707
468	0,083485507	0,059773457	0,043443058	0,084422586	0,062495135	0,050052053	0,053089178	0,026657458	0,080487431	0,073757889	0,041129967	0,003893565	0,077811089
469	0,09653731	0,09213008	0,047180807	0,033594641	0,041801559	0,071226215	0,026362535	0,068964191	0,077911866	0,020307416	0,009078291	0,058811543	0,014350535
470	0,038592134	0,042031004	0,067027651	0,009470001	0,082242943	0,025325747	0,014500494	0,063781501	0,090807009	0,069375501	0,057100913	0,092675635	0,065375159
471	0,098821567	0,032051663	0,036200761	0,061850339	0,062116979	0,047504243	0,055570078	0,098487516	0,065929717	0,013900502	0,000963914	0,026499536	0,070540804
472	0,038066591	0,030273862	0,02550545	0,089911453	0,076213476	0,036545716	0,069793069	0,030987703	0,056352005	0,092000569	0,053621899	0,0255326	0,052908365
473	0,055007188	0,057360007	0,091296609	0,017545839	0,026537102	0,043153359	0,034938119	0,064361358	0,049534353	0,052195869	0,028856923	0,073757266	0,090581539
474	0,027739597	0,032896689	0,047026722	0,072494648	0,027951306	0,008156384	0,006446726	0,043733634	0,009826905	0,069182835	0,009412687	0,019369631	0,067442899
475	0,020558197	0,011254847	0,018553756	0,044209603	0,09155904	0,011159902	0,035201392	0,0259015	0,082908206	0,090854989	0,000151749	0,011083589	0,065271333
476	0,096553979	0,053454748	0,090015657	0,084906799	0,063441149	0,055023686	0,027340946	0,058170212	0,070350824	0,004697176	0,009757117	0,004582248	0,071967513
477	0,09548565	0,069487332	0,049574651	0,002643183	0,078385155	0,084376347	0,007501419	0,062415695	0,082937412	0,01395076	0,08869294	0,053551954	0,073970176
478	0,000358596	0,094241205	0,065690741	0,035291494	0,058282347	0,074204879	0,094642511	0,038429447	0,078879919	0,043566102	0,011938718	0,088643041	0,09965247
479	0,027703183	0,076249587	0,067828085	0,068782001	0,050809588	0,011173575	0,009662617	0,043141169	0,041733661	0,008851274	0,024664071	0,028612445	0,070491862
480	0,083028722	0,064636362	0,029952868	0,073879072	0,088055284	0,056131113	0,018669363	0,088111157	0,030285518	0,06383414	0,053126794	0,056329872	0,058838271
481	0,04065135	0,008914677	0,006634643	0,012081881	0,047293151	0,076916139	0,021063488	0,057614516	0,093211587	0,022922796	0,022062328	0,004531758	0,084216871
482	0,022774688	0,008116514	0,05749026	0,024086844	0,035454997	0,096283446	0,027816564	0,050894183	0,072215156	0,057264345	0,062285651	0,046164167	0,020819053
483	0,007224951	0,09837865	0,046311713	0,038164481	0,067942375	0,028696863	0,009488572	0,010194911	0,01685032	0,03501537	0,069638645	0,02808971	0,024191214
484	0,053364551	0,060203804	0,09712335	0,034373792	0,011977238	0,029464496	0,029412389	0,084934873	0,001682735	0,049304062	0,021623346	0,064781834	0,03769338
485	0,068823609	0,07233862	0,043246529	0,047980738	0,041570999	0,020733489	0,067594882	0,099151624	0,083890229	0,090385438	0,035761574	0,053739027	0,027652414
486	0,095727594	0,011288273	0,086409178	0,025132147	0,067648579	0,0451687	0,041312302	0,031382656	0,046265048	0,025678134	0,011210049	0,032551054	0,060085708
487	0,075978252	0,039748987	0,055885964	0,000617492	0,080688414	0,021902448	0,030923389	0,020185304	0,024229532	0,019043072	0,013003571	0,054406341	0,08298693
488	0,03277828	0,097265694	0,054027703	0,033347555	0,09982193	0,018718583	0,083524573	0,066081849	0,04477682	0,073868347	0,084138031	0,086656608	0,091531793
489	0,069969502	0,03429045	0,07358596	0,071996059	0,066371019	0,057409548	0,026356484	0,046991525	0,048132318	0,076610644	0,031842963	0,077330484	0,078433153
490	0,085562315	0,050077438	0,062631638	0,097041165	0,001191221	0,014739949	0,062086372	0,010689256	0,071512964	0,012892818	0,047226951	0,020651674	0,055441449
491	0,029397046	0,070761074	0,06857193	0,034477181	0,090536568	0,023607103	0,095374182	0,029804859	0,005903429	0,061669099	0,008500658	0,018612056	0,094563865
492	0,052691895	0,007096624	0,000493666	0,046288408	0,029518965	0,071509087	0,070497642	0,047313658	0,046952843	0,05090396	0,020872195	0,06033116	0,02935869
493	0,0537484	0,006560983	0,095307742	0,012933132	0,070564877	0,058548134	0,030413596	0,047373139	0,064685815	0,00496043	0,045064248	0,030367912	0,02843837
494	0,076298093	0,01647672	0,081010474	0,013401298	0,087993316	0,088614326	0,057131119	0,003922954	0,011238328	0,099179158	0,075341438	0,09201442	0,011207406
495	0,096620806	0,055842747	0,035565373	0,036697601	0,074043433	0,099010045	0,005872195	0,000320178	0,084606453	0,00428032	0,03949195	0,079104209	0,027030714
496	0,021059932	0,06336686	0,05204546	0,095500559	0,010535181	0,083862078	0,082073837	0,060118436	0,081947717	0,00556412	0,078959335	0,087307133	0,027997853
497	0,047209189	0,071092976	0,048738226	0,012348297	0,079769526	0,050838867	0,007642807	0,042401106	0,002949719	0,026531922	0,047056298	0,051827152	0,031659696
498	0,035074999	0,086685018	0,074281711	0,02524479	0,003831486	0,052443756	0,017905546	0,034682952	0,037243323	0,085848367	0,040154706	0,077813649	0,042863848
499	0,076979762	0,069037145	0,008320264	0,039498148	0,024151256	0,080146446	0,036903984	0,097188764	0,001880542	0,022763354	0,019279389	0,061714282	0,001559259
500	0,003692925	0,032219395	0,082447561	0,0975463	0,09941723	0,006492977	0,091588119	0,070992838	0,080512822	0,054004243	0,021904802	0,074233319	0,003575567