Project Name/TEST													
Project Type/Forward(S)													
Shot Offset/5/meter													
Geophone Interval/5/meter													
Trigger Value/0,25/miliVolt													
Data Count/501													
Record Length/500/microSecond													
Comments/TEST													
Time	Channel-1	Channel-2	Channel-3	Channel-4	Channel-5	Channel-6	Channel-7	Channel-8	Channel-9	Channel-10	Channel-11	Channel-12	Channel-13
0	0,093523172	0,082559806	0,08977396	0,034742776	0,067225913	0,081098988	0,052782623	0,046859887	0,045690106	0,039968939	0,018003551	0,030052186	0,069798539
1	0,071524518	0,020004803	0,008808196	0,006679182	0,022595416	0,025121738	0,063476574	0,073005848	0,044197846	0,0376751	0,018076821	0,078137893	0,056862406
2	0,057933947	0,032268396	0,063393718	0,090972279	0,008880116	0,091190906	0,060835144	0,088517264	0,008010836	0,016389446	0,01051501	0,078576242	0,039796077
3	0,075185718	0,081208511	0,050300177	0,029753664	0,015470344	0,093514229	0,096180448	0,024329325	0,060312038	0,088189076	0,040820927	0,050438984	0,003186058
4	0,07435541	0,049979897	0,092896068	0,06788096	0,008674033	0,085676273	0,006008733	0,07035554	0,028848881	0,036762152	0,092682588	0,09222147	0,073966148
5	0,072665083	0,027173293	0,074187415	0,061965064	0,046941936	0,047116014	0,048320401	0,055808514	0,084359727	0,088903618	0,065057602	0,038246012	0,047401749
6	0,060862286	0,047606589	0,089505384	0,089054858	0,072623171	0,081202453	0,040516367	0,097376805	0,046746182	0,094446853	0,072834373	0,083516442	0,059341547
7	0,018122572	0,091493354	0,033841259	0,000198059	0,009313127	0,072248036	0,035211829	0,078591247	0,092929592	0,065457924	0,072063816	0,040505949	0,08941086
8	0,031926903	0,071036384	0,089943299	0,034875233	0,025692343	0,095395526	0,097426528	5,48E-05	0,080902093	0,056943019	0,064288741	0,088247435	0,076467136
9	0,044683476	0,051877883	0,035180805	0,067712044	0,009331911	0,018934578	0,064753223	0,051308135	0,043167863	0,064246511	0,015610881	0,0107832	0,079468786
10	0,073894899	0,011191143	0,087098229	0,037523479	0,093850804	0,001488775	0,09994429	0,04359003	0,099446359	0,020172022	0,034284289	0,016063671	0,053723424
11	0,072146878	0,087451264	0,016301672	0,081642052	0,068808047	0,039598107	0,023708107	0,008936283	0,091005007	0,019538422	0,032921511	0,022245248	0,052165136
12	0,003150185	0,035722839	0,093606029	0,003832444	0,048843951	0,001446129	0,020260119	0,000455276	0,050725374	0,010592574	0,025267879	0,025978204	0,052640941
13	0,069379513	0,069145581	0,023938558	0,093594112	0,091644091	0,006148974	0,032952391	0,060145131	0,017446359	0,026110084	0,040387525	0,034106174	0,073360294
14	0,075251474	0,08727238	0,084482416	0,00909109	0,01166861	0,089274368	0,070073706	0,09460106	0,087587115	0,089199381	0,065518247	0,074194876	0,015870471
15	0,065399121	0,041993896	0,095340501	0,092544548	0,056774978	0,040077551	0,078885179	0,085842521	0,089978044	0,048434169	0,050265204	0,002625857	0,017710542
16	0,049333557	0,00057156	0,000207696	0,069092918	0,083290731	0,088470258	0,08678665	0,063747589	0,089859565	0,062009632	0,049376119	0,021474763	0,005967814
17	0,027581125	0,093126144	0,051533335	0,050198592	0,021785555	0,031021925	0,043906026	0,071447337	0,089827592	0,03245753	0,064338505	0,058373694	0,068878948
18	0,078211936	0,014802098	0,040378296	0,050005089	0,069367534	0,070209575	0,005064048	0,019827229	0,082005611	0,011193052	0,099411815	0,009103393	0,049795707
19	0,079125398	0,0034796	0,051845804	0,027773703	0,06798974	0,051675387	0,068181201	0,034931952	0,062411548	0,096397496	0,07603603	0,079410904	0,092446741
20	0,05792583	0,06985113	0,095334802	0,017933334	0,044496688	0,045632907	0,03483714	0,099370833	0,088667189	0,099611819	0,015957735	0,057702168	0,050527776
21	0,025116374	0,036410416	0,00315427	0,01706668	0,047429646	0,073661237	0,070028199	0,008651094	0,051600436	0,013821189	0,087416096	0,005062673	0,053888925
22	0,084342048	0,041318814	0,017823777	0,0042355	0,077143586	0,021261016	0,054413171	0,05336323	0,040681684	0,042216189	0,020498042	0,071333368	0,072888781
23	6,88E-05	0,081102942	0,074121547	0,033445232	0,088588952	0,010974844	0,074089665	0,056285802	0,050871048	0,037245147	0,067344362	0,073928323	0,02891504
24	0,008669263	0,061763644	0,007831849	0,020814219	0,099889373	0,018625061	0,025385374	0,053569378	0,082064535	0,072315724	0,030555687	0,048201882	0,032168704
25	0,043468914	0,028331978	0,011157561	0,058780077	0,087243139	0,00809162	0,09487944	0,000318476	0,004307169	0,066672812	0,065510783	0,09241112	0,062187681
26	0,096111488	0,086993603	0,000236928	0,05073613	0,059480647	0,090809078	0,087117371	0,047877623	0,000685107	0,024059354	0,018223747	0,095392983	0,074617985
27	0,050054287	0,056244138	0,043168953	0,091803727	0,071631451	0,056665161	0,075798724	0,024907912	0,068579934	0,004472977	0,019628127	0,072142857	0,095180615
28	0,062969046	0,055652222	0,081434734	0,028854366	0,054762569	0,060637645	0,036325223	0,091205723	0,02103329	0,005064654	0,059525022	0,088377844	0,031730878
29	0,060149656	0,090701312	0,036689747	0,009070196	0,039410308	0,038145136	0,00564638	0,030782365	0,053908043	0,000351086	0,026688177	0,081772293	0,025288536
30	0,09563843	0,027027223	0,019729764	0,065386164	0,010407217	0,050089151	0,072316564	0,096566031	0,073245527	0,072460912	0,093166718	0,010233098	0,0077736
31	0,021426276	0,077441562	0,060336261	0,08782304	0,013781562	0,031298039	0,012163233	0,078679095	0,041613095	0,001896655	0,033106169	0,038294542	0,081980216
32	0,036531037	0,02838308	0,092429741	0,01053729	0,052407884	0,015914007	0,078257315	0,003489385	0,064560753	0,073049287	0,090794326	0,017657727	0,011438851
33	0,034941918	0,065684322	0,027582727	0,061862292	0,043831162	0,082885096	0,099617238	0,022479404	0,060157438	0,085245574	0,046141065	0,064362845	0,050298313
34	0,084776287	0,043590352	0,054398682	0,010897006	0,021141764	0,081549189	0,012861793	0,017609457	0,052852415	0,032347283	0,057383227	0,071788884	0,016789462
35	0,068187042	0,046878885	0,083128629	0,063754226	0,096709025	0,022838778	0,084461025	0,077263849	0,098393063	0,054653533	0,038904861	0,037043559	0,074961942
36	0,03101797	0,081548752	0,069296712	0,098087056	0,071383803	0,095330942	0,032107594	0,006088109	0,085766383	0,0939456	0,030084007	0,04750378	0,047005357
37	0,008433832	0,056512487	0,057729813	0,040416836	0,052696234	0,026284339	0,081684759	0,018792135	0,068823708	0,035968077	0,036753719	0,010558059	0,066168326
38	0,050582507	0,046023475	0,020341582	0,035490277	0,024326544	0,058013194	0,016802447	0,00041202	0,070380846	0,098487111	0,004949348	0,024991462	0,032758949
39	0,087298311	0,066125345	0,090508851	0,037891745	0,059369413	0,098957409	0,001038422	0,068908668	0,001071013	0,0529505	0,079211964	0,072954426	0,06211872
40	0,047789588	0,084766042	0,097793598	0,004287803	0,057569347	0,092080282	0,025175164	0,043212347	0,078194879	0,044395069	0,050950129	0,000281237	0,052821944
41	0,057915114	0,045888905	0,010610944	0,031141004	0,074741828	0,096974994	0,08653261	0,09728988	0,013785515	0,030749443	0,049364547	0,065502599	0,037644436
42	0,06497911	0,020152826	0,09558508	0,035734762	0,08080234	0,063336023	0,04668854	0,017413913	0,004460847	0,054170385	0,062618899	0,056109596	0,06604353
43	0,076193872	0,01335578	0,056809927	0,022344248	0,023516607	0,053365246	0,073497364	0,033686543	0,066768792	0,024229181	0,093432254	0,08940876	0,087521993
44	0,096747444	0,014794503	0,035806768	0,077978786	0,058901072	0,083737707	0,060025458	0,056782333	0,094516759	0,055284401	0,009661366	0,053963787	0,072858612
45	0,086222703	0,045971726	0,044659672	0,055089802	0,002862651	0,017923589	0,059648186	0,049317251	0,000318453	0,04676669	0,042831255	0,042771775	0,023857627
46	0,004169437	0,063190286	0,098800148	0,076021723	0,001677483	0,064774019	0,036979737	0,076801133	0,015887362	0,026272122	0,025833398	0,074958082	0,0087266
47	0,09124871	0,02620865	0,055191483	0,093434222	0,024466969	0,019967067	0,088105874	0,003369539	0,064715994	0,072412306	0,006341664	0,031484308	0,033827003
48	0,075385392	0,081685236	0,024875318	0,058410059	0,043016847	0,026662412	0,079315321	0,002521781	0,094717457	0,00494357	0,011886998	0,064065745	0,007762536
49	0,053606763	0,088407718	0,07368432	0,035231421	0,01094053	0,00880486	0,083264009	0,049922256	0,023922628	0,006326547	0,089969697	0,075788312	0,067241878
50	0,053606763	0,003198643	0,057623923	0,042109555	0,058898255	0,091802664	0,098110422	0,074808638	0,01760952	0,065979999	0,074545678	0,044591106	0,053739854
51	0,053606763	0,030383418	0,091409307	0,018686506	0,001493419	0,071472252	0,054795138	0,096253762	0,099883938	0,069518154	0,016331629	0,042855564	0,083743831
52	0,053606763	0,064624625	0,096318682	0,073959665	0,032481003	0,056462276	0,05078859	0,009074955	0,093169926	0,078670806	0,015971178	0,086053191	0,070807214
53	0,053606763	0,070352034	0,00248105	0,07548302	0,023280715	0,00804032	0,044786328	0,098347767	0,025747828	0,075493964	0,088824512	0,04580596	0,098150897
54	0,053606763	0,078143808	0,031862755	0,047630569	0,005084882	0,061367038	0,075459745	0,033938703	0,057354542	0,060010104	0,012011401	0,093958902	0,054363948
55	0,053606763	0,042716546	0,087446852	0,066091498	0,061559802	0,089044957	0,069531156	0,003078812	0,046349992	0,034597463	0,055818869	0,059132015	0,096236557
56	0,053606763	0,093278274	0,067734527	0,05063211	0,001989485	0,007384437	0,076567554	0,002771464	0,054395237	0,033684338	0,082453486	0,08331228	0,060061601
57	0,053606763	0,044127066	0,08593158	0,055484323	0,036071863	0,053485859	0,09812919	0,05408951	0,052705494	0,031128957	0,069034267	0,037333086	0,067054499
58	0,053606763	0,013836581	0,019788751	0,048661047	0,012940176	0,022605131	0,08050647	0,050830886	0,074703347	0,008772876	0,039809275	0,051178183	0,078638996
59	0,053606763	0,022204265	0,049041999	0,081289728	0,089086014	0,031532909	0,065049526	0,011625043	0,093080013	0,067082175	0,02075762	0,080351963	0,081688736
60	0,053606763	0,053499876	0,096993189	0,002244005	0,037657279	0,004145117	0,058652867	0,036795388	0,048471287	0,03559068	0,000974048	0,010382209	0,073954412
61	0,053606763	0,019753149	0,082641991	0,029320424	0,085952073	0,083105949	0,059577776	0,061439635	0,012760677	0,005257619	0,089893079	0,000674717	0,081002171
62	0,053606763	0,065212364	0,0938044	0,03706861	0,001660329	0,09199392	0,099991201	0,025392414	0,003641106	0,045800411	0,088416749	0,08821602	0,027784135
63	0,053606763	0,076839335	0,015298869	0,068014678	0,056318931	0,051022415	0,007829127	0,078255936	0,021766089	0,076254477	0,018610935	0,067895202	0,073421787
64	0,053606763	0,022073046	0,0328303	0,084406764	0,067919828	0,010876479	0,017339557	0,000648173	0,040665689	0,070939227	0,059516146	0,045033318	0,098696978
65	0,053606763	0,04151121	0,099613282	0,078645049	0,002963936	0,00469615	0,050877754	0,028265823	0,035093427	0,021697457	0,001543347	0,023726946	0,023617771
66	0,053606763	0,018893451	0,01108524	0,092272856	0,047268784	0,048132423	0,074549318	0,09918481	0,096135705	0,099164703	0,015911722	0,097050169	0,044840663
67	0,053606763	0,038804031	0,086314213	0,050707151	0,001335491	0,002791007	0,047592344	0,066054781	0,029311806	0,05980405	0,097370982	0,034468176	0,079169207
68	0,053606763	0,081298746	0,042502215	0,014069727	0,020969431	0,079690834	0,041722331	0,096611902	0,009752002	0,072784612	0,084241138	0,089438162	0,062403007
69	0,053606763	0,087092345	0,047046874	0,072429808	0,044338906	0,068235032	0,046491843	0,008077031	0,031221695	0,042040932	0,031842204	0,070069073	0,045507348
70	0	0,05354985	0,097908125	0,011892988	0,033943894	0,055449168	0,024515058	0,094840066	0,054426188	0,009640176	0,036240765	0,048297861	0,025329655
71	0,258819045	0,019100935	0,007111351	0,068264451	0,098572515	0,08073625	0,095767916	0,069785315	0,072076578	0,003528009	0,054375078	0,016335876	0,043474671
72	0,5	0,004235683	0,070867642	0,083787189	0,052406038	0,032886057	0,018601979	0,084851662	0,004562565	0,017321349	0,065195713	0,016568605	0,026315959
73	0,707106781	0,029241937	0,036141837	0,080827409	0,038671519	0,057341755	0,019666083	0,069407382	0,071626931	0,011017782	0,011050478	0,053873129	0,06314823
74	0,866025404	0,031750871	0,090770283	0,063469513	0,053026299	0,054625526	0,021217155	0,05507342	0,023375274	0,017623667	0,056708212	0,013657769	0,066787714
75	0,965925826	0,028570662	0,096349871	0,050367374	0,044041566	0,012692034	0,036905085	0,03738242	0,075693949	0,009734988	0,057742969	0,042349455	0,06903484
76	1	0,011160023	0,065810633	0,022433006	0,034466893	0,036504959	0,080675002	0,071411247	0,000199153	0,076293403	0,029118057	0,084926131	0,0096506
77	0,965925826	0,080945924	0,084983929	0,044049716	0,059952371	0,084404223	0,018821229	0,004235994	0,078027478	0,021525807	0,012264084	0,069848333	0,053855071
78	0,866025404	0,004636566	0,038279973	0,085229401	0,053800476	0,015925671	0,065649108	0,038745995	0,081985112	0,037812332	0,051514773	0,005990584	0,083631247
79	0,707106781	0,09963329	0,010800024	0,098113939	0,085964437	0,073620733	0,03970122	0,017180636	0,020876031	0,042772954	0,026193994	0,010450972	0,085194531
80	0,5	0,07568535	0,001694137	0,07401499	0,005834232	0,034685883	0,03507734	0,004156663	0,083282686	0,007848099	0,028700297	0,013357491	0,000195706
81	0,258819045	0,030823395	0,072659233	0,038741777	0,068109503	0,021178961	0,042331262	0,044731885	0,006246725	0,001661083	0,026019899	0,06842254	0,0676411
82	-0,2	0,045079852	0,052255834	0,014953245	0,09286178	0,0802574	0,078093741	0,017386956	0,043313499	0,097878248	0,002269315	0,07960443	0,019933645
83	-0,647047613	0,069009176	0,010621026	0,053795873	0,046600846	0,045917473	0,099380995	0,065751411	0,020886702	0,091534374	0,040617328	0,039167058	0,032844853
84	-1,25	0,087938041	0,048356686	0,098019211	0,087296793	0,023515355	0,085913656	0,046728025	0,054812077	0,073087045	0,048454935	0,058401784	0,065735302
85	-1,767766953	0,011432474	0,042160488	0,034344208	0,090655486	0,068328729	0,092338118	0,063336357	0,021966251	0,004753605	0,02698645	0,055232089	0,038971981
86	-2,165063509	0,027699317	0,003848068	0,047727413	0,018508828	0,077954467	0,05505634	0,055364441	0,040693636	0,089849821	0,090334163	0,00285694	0,076152723
87	-2,414814566	0,047081865	0,007525693	0,01575413	0,035648033	0,063001475	0,077447228	0,01795552	0,056461377	0,036234321	0,077068542	0,013473197	0,035995493
88	-2,5	0,098924882	0,068127717	0,042853869	0,003587267	0,054717356	0,087099074	0,087401197	0,015957308	0,033935723	0,094928435	0,037806181	0,093550949
89	-2,414814566	0,070643274	0,026390101	0,017714362	0,0831809	0,046996721	0,092858367	0,022098682	0,06029653	0,025857836	0,014024588	0,085395693	0,094839337
90	-2,165063509	0,086434665	0,051943796	0,068465188	0,037075237	0,010794612	0,033193317	0,025267492	0,046772204	0,091311758	0,085708403	0,049340593	0
91	-1,767766953	0,013331434	0,076160669	0,019488192	0,0777123	0,017408444	0,02233702	0,098418856	0,079556495	0,012892752	0,039679921	0,054306238	0,258819045
92	-1,25	0,009954974	0,038821248	0,071478831	0,093281103	0,086533331	0,06568056	0,07323621	0,081402749	0,003938272	0,04928111	0,08133087	0,5
93	-0,647047613	0,098757188	0,010842075	0,06849512	0,036399493	0,054335505	0,008500357	0,056178701	0,086790075	0,066455181	0,02491536	0,090252555	0,707106781
94	-0,2	0,041643968	0,011220423	0,021744819	0,022653791	0,041928298	0,033038983	0,02863895	0,007177528	0,073447526	0,046033488	0,066248354	0,866025404
95	0,258819045	0,014783169	0,072851889	0,03179715	0,01029269	0,010608074	0,085356565	0,007937485	0,00861074	0,084636913	0,073755342	0,046027288	0,965925826
96	0,5	0,070423396	0,087716182	0,057781112	0,081296524	0,004446003	0,021565949	0,005004176	0,050821742	0,034207719	0,049416969	0,047563616	1
97	0,707106781	0,092158617	0,033142456	0,00105013	0,03738196	0,094618579	0,090865127	0,044302634	0,043244224	0,068287222	0,016042182	0,083823371	0,965925826
98	0,866025404	0,063372488	0,020016053	0,050884023	0,080270209	0,080403421	0,010017955	0,003162038	0,027449416	0,086187556	0,068417708	0,051975213	0,866025404
99	0,965925826	0,05679648	0,051023499	0,055788236	0,012757552	0,064576585	0,093439723	0,071892347	0,050338227	0,022642958	0,000612407	0,041416845	0,707106781
100	1	0,024434603	0,025727969	0,042555531	0,045139232	0,029198674	0,045900995	0,04161847	0,02077382	0,094002062	0,061300053	0,075568306	0,5
101	0,965925826	0,028520838	0,090893828	0,089889254	0,057501906	0,030933414	0,038899258	0,011207966	0,051661982	0,098939129	0,029242373	0,073510668	0,258819045
102	0,866025404	0,056539554	0,072545192	0,033596479	0,094161091	0,006444419	0,020433651	0,032280221	0,099443883	0,040948476	0,064103709	0,060290936	-0,2
103	0,707106781	0,002452521	0,089179408	0,023113483	0,00618922	0,050695417	0,008152678	0,076710717	0,02417097	0,005444839	0,031692856	0,081044299	-0,647047613
104	0,5	0,099613686	0,070359041	0,071562329	0,006393036	0,076279961	0,038138494	0,079333162	0,01023029	0,08212255	0,040050356	0,045629398	-1,25
105	0,258819045	0,012833676	0,079905665	0,083672396	0,081735174	0,020424314	0,05566921	0,011759315	0,026186252	0,068157643	0,007388208	0,096831695	-1,767766953
106	3,68E-16	0,098579545	0,087717837	0,095356616	0,040800881	0,072570743	0,00398042	0,061083204	0,011331812	0,067663872	0,057598416	0,064510717	-2,165063509
107	0,022045341	0,057574697	0,094441342	0,083936839	0,093626808	0,046464751	0,043234744	0,04019097	0,018238843	0,059077038	0,0417941	0,012056086	-2,414814566
108	0,021590853	0,042626224	0,096946994	0,042339155	0,083550406	0,050336731	0,026436156	0,007594056	0,076371884	0,029555442	0,003243596	0,034963878	-2,5
109	0,000200339	0,021975146	0,083655414	0,052811528	0,027903272	0,015959437	0,023158068	0,06807004	0,079399531	0,025477803	0,014659719	0,053018208	-2,414814566
110	0,023241195	0,034551174	0,067161714	0,019410968	0,075302617	0,039159129	0,055988936	0,099732261	0,063148105	0,042372612	0,004358606	0	-2,165063509
111	0,017272719	0,065219894	0,086714834	0,052041249	0,045681901	0,056541305	0,002908822	0,045185693	0,062110795	0,027625387	0,065236305	0,258819045	-1,767766953
112	0,087201505	0,04967259	0,080365045	0,025616357	0,001430757	0,020395176	0,016087376	0,027475598	0,065790351	0,005718148	0,008221079	0,5	-1,25
113	0,067384679	0,031349765	0,049909774	0,03291381	0,003950307	0,025877206	0,022340821	0,049738827	0,055858644	0,051694711	0,043994545	0,707106781	-0,647047613
114	0,049503479	0,068178297	0,030926673	0,052730409	0,03955571	0,045212996	0,009595098	0,016590947	0,068057028	0,03830974	0,02387429	0,866025404	-0,2
115	0,066059577	0,030353688	0,09809888	0,087223782	0,001884411	0,039063856	0,018312045	0,052390159	0,096663279	0,012931427	0,051208183	0,965925826	0,258819045
116	0,047646701	0,056495719	0,078678139	0,034349915	0,036838409	0,072360357	0,042652573	0,020969883	0,016632031	0,054432656	0,059543093	1	0,5
117	0,096981956	0,059702746	0,093874052	0,098305405	0,094147352	0,053539641	0,068124467	0,06875659	0,056505114	0,089720481	0,017903267	0,965925826	0,707106781
118	0,092935972	0,017717379	0,026063528	0,063783682	0,078530837	0,058577421	0,019654138	0,042286794	0,067254034	0,057930075	0,06127346	0,866025404	0,866025404
119	0,095738793	0,059270441	0,077133303	0,000198235	0,045451578	0,052258757	0,06696576	0,047540324	0,074799534	0,080150417	0,043001558	0,707106781	0,965925826
120	0,073423987	0,031251484	0,065348286	0,054464631	0,043423741	0,067464809	0,082959719	0,030568023	0,01713978	0,042275458	0,01630728	0,5	1
121	0,03507234	0,011019136	0,09337613	0,004679293	0,051426797	0,071519514	0,041811275	0,013020273	0,001748774	0,042850045	0,094669281	0,258819045	0,965925826
122	0,091731314	0,012781946	0,042144263	0,070112843	0,010771921	0,001270773	0,068948403	0,054369592	0,078449444	0,050469618	0,05469209	-0,2	0,866025404
123	0,070801555	0,017145805	0,029487396	0,093501602	0,003582443	0,08943361	0,001232623	0,098176273	0,058753789	0,016856603	0,073628822	-0,647047613	0,707106781
124	0,055281168	0,056180181	0,027622001	0,092408053	0,084970142	0,037587255	0,014579572	0,02976856	0,083768269	0,093045785	0,065835469	-1,25	0,5
125	0,061342353	0,094547955	0,096538097	0,002185726	0,05776149	0,069818676	0,035399619	0,069919282	0,045518041	0,008611988	0,058373179	-1,767766953	0,258819045
126	0,021115471	0,060720013	0,035667115	0,097577117	0,015532616	0,073647293	0,022927329	0,069966054	0,072328753	0,026906948	0,087820304	-2,165063509	3,68E-16
127	0,026271693	0,047049999	0,019612222	0,093783093	0,07789221	0,086619531	0,085398028	0,050751111	0,026942282	0,048657967	0,07240778	-2,414814566	0,084260752
128	0,094821252	0,051721917	0,049748541	0,049720179	0,0840224	0,027911437	0,088874097	0,035839616	0,044580586	0,067919098	0,08898436	-2,5	0,039057951
129	0,059044997	0,039339044	0,081476264	0,01658024	0,053895331	0,003620081	0,078136004	0,049634469	0,065525908	0,050548014	0,086399257	-2,414814566	0,039264124
130	0,039575602	0,061361705	0,014437513	0,051854785	0,013335392	0,085134166	0,076020877	0,023990529	0,070726181	0,03607239	0	-2,165063509	0,042658721
131	0,068031677	0,021339267	0,026907352	0,005233415	0,083077136	0,091825299	0,024996281	0,098199638	0,095236174	0,003878662	0,258819045	-1,767766953	0,070035649
132	0,024675784	0,033926167	0,084207548	0,069805871	0,033004742	0,048474614	0,097643078	0,094670761	0,043149724	0,042470613	0,5	-1,25	0,054290614
133	0,05519567	0,017144963	0,083465971	0,003151408	0,068483934	0,056498556	0,004222838	0,036948741	0,022374749	0,051417612	0,707106781	-0,647047613	0,08519872
134	0,008524432	0,089748245	0,075380674	0,033149861	0,008086177	0,097405326	0,029616045	0,099012738	0,030827797	0,018486268	0,866025404	-0,2	0,044665903
135	0,088547392	0,006259528	0,044494858	0,039031376	0,056699605	0,085238079	0,098636497	0,095029383	0,085012855	0,059753109	0,965925826	0,258819045	0,097618555
136	0,00069106	0,090432016	0,058700255	0,09998448	0,083706278	0,092314203	0,074105706	0,011528413	0,06018864	0,083596067	1	0,5	0,044314937
137	0,026177887	0,09796273	0,093030005	0,042711147	0,007497713	0,045344211	0,094686273	0,041492118	0,022759242	0,029682152	0,965925826	0,707106781	0,052781193
138	0,007941555	0,048613841	0,093577025	0,083094637	0,032996764	0,01611574	0,034668493	0,059114254	0,043450365	0,081315506	0,866025404	0,866025404	0,084433063
139	0,085956451	0,014992891	0,037289224	0,047999637	0,040439488	0,053039082	0,076870944	0,033714422	0,088327627	0,027933014	0,707106781	0,965925826	0,081717325
140	0,089847575	0,037642721	0,054092712	0,018717407	0,016116645	0,009237062	0,039289682	0,06522199	0,097497704	0	0,5	1	0,009032451
141	0,072990949	0,025977803	0,081208809	0,05033644	0,031500584	0,019337773	0,069366226	0,045279462	0,040569232	0,258819045	0,258819045	0,965925826	0,048100565
142	0,076175581	0,091847899	0,084879781	0,049808683	0,055912919	0,007028943	0,095306726	0,049942694	0,084984867	0,5	-0,2	0,866025404	0,088384857
143	0,062773855	0,079366039	0,021483267	0,010562253	0,078869826	0,055406845	0,006886755	0,007227657	0,065825776	0,707106781	-0,647047613	0,707106781	0,045014646
144	0,073089913	0,009588377	0,044882901	0,086268632	0,012263314	0,024369454	0,073240674	0,06510628	0,07279044	0,866025404	-1,25	0,5	0,003882641
145	0,099549211	0,007382335	0,036660137	0,00734593	0,089386096	0,053822112	0,025104969	0,032682466	0,02356445	0,965925826	-1,767766953	0,258819045	0,034935182
146	0,020218591	0,054614576	0,077741898	0,004260079	0,079159625	0,01666891	0,068554457	0,081375174	0,03235468	1	-2,165063509	3,68E-16	0,07064773
147	0,022510583	0,041909333	0,054688128	0,062756621	0,068734171	0,008539719	0,02042837	0,092561456	0,088922408	0,965925826	-2,414814566	0,07990995	0,019299316
148	0,022376764	0,047417741	0,029628876	0,083274527	0,013616597	0,046592035	0,075556873	0,011891129	0,048625854	0,866025404	-2,5	0,087715212	0,021483811
149	0,099711011	0,001309563	0,05852681	0,053012311	0,098269984	0,055892258	0,054625661	0,098135954	0,067320651	0,707106781	-2,414814566	0,060305694	0,038920911
150	0,01297632	0,079735579	0,095785188	0,009116844	0,013771881	0,016252764	0,049315174	0,083591606	0	0,5	-2,165063509	0,023938029	0,005303986
151	0,046707411	0,088233366	0,025994471	0,080713757	0,006982718	0,078696932	0,024875248	0,009384323	0,258819045	0,258819045	-1,767766953	0,068109037	0,065682494
152	0,036937133	0,009963025	0,063586337	0,066910476	0,094007637	0,021219461	0,065768491	0,054040067	0,5	-0,2	-1,25	0,094624151	0,006091453
153	0,001075483	0,010964159	0,023313503	0,047780719	0,085495193	0,057890051	0,042648142	0,069804433	0,707106781	-0,647047613	-0,647047613	0,088510306	0,032230161
154	0,008056166	0,035121148	0,070790191	0,062727309	0,063866405	0,058402335	0,051033047	0,078560847	0,866025404	-1,25	-0,2	0,076053126	0,0472444
155	0,092192334	0,002109143	0,010836906	0,066993946	0,085521272	0,054953812	0,083292878	0,009903689	0,965925826	-1,767766953	0,258819045	0,079875858	0,030637692
156	0,099216052	0,050829764	0,007112025	0,086604381	0,090287966	0,077201916	0,002666339	0,077485935	1	-2,165063509	0,5	0,091006386	0,050363262
157	0,088671605	0,061669117	0,070488949	0,084344427	0,07594204	0,043285407	0,043236046	0,059214288	0,965925826	-2,414814566	0,707106781	0,085764481	0,019090756
158	0,081723837	0,088156871	0,052089306	0,09925743	0,073369643	0,032172583	0,053989703	0,053015164	0,866025404	-2,5	0,866025404	0,010475026	0,006773452
159	0,02507585	0,014172872	0,097851487	0,062165845	0,032186309	0,006032194	0,040280224	0,004468108	0,707106781	-2,414814566	0,965925826	0,035618897	0,052643173
160	0,099188548	0,035612429	0,099251358	0,083038934	0,039610336	0,055038863	0,080776041	0	0,5	-2,165063509	1	0,056341587	0,001962927
161	0,054771153	0,068788849	0,034201889	0,031971525	0,09790004	0,074072251	0,028635098	0,258819045	0,258819045	-1,767766953	0,965925826	0,017257793	0,08443632
162	0,02983536	0,074433187	0,072632179	0,068065295	0,077913772	0,041299839	0,044910522	0,5	-0,2	-1,25	0,866025404	0,024510356	0,03226905
163	0,063741249	0,080858508	0,041216612	0,026786505	0,009461679	0,002371375	0,033164344	0,707106781	-0,647047613	-0,647047613	0,707106781	0,059510814	0,084589817
164	0,088260449	0,04661212	0,09983133	0,042991874	0,039729232	0,038837363	0	0,866025404	-1,25	-0,2	0,5	0,00540616	0,080588706
165	0,059572539	0,067563002	0,049112071	0,079229038	0,015936646	0,058023523	0,258819045	0,965925826	-1,767766953	0,258819045	0,258819045	0,075275697	0,005464212
166	0,048294206	0,061749024	0,052296274	0,088673815	0,0035837	0,096749282	0,5	1	-2,165063509	0,5	3,68E-16	0,088925115	0,085641844
167	0,023301594	0,067685656	0,066065494	0,023398774	0,033680998	0,040484457	0,707106781	0,965925826	-2,414814566	0,707106781	0,098854632	0,084537886	0,047083953
168	0,095497815	0,035221708	0,04687449	0,041915135	0,007765248	0	0,866025404	0,866025404	-2,5	0,866025404	0,006459545	0,060982405	0,072052011
169	0,011311958	0,065838411	0,009750543	0,097768649	0,072701551	0,258819045	0,965925826	0,707106781	-2,414814566	0,965925826	0,098983093	0,096634259	0,030812826
170	0,082488275	0,097370369	0,093210116	0,060145611	0,018214465	0,5	1	0,5	-2,165063509	1	0,055630373	0,057561847	0,00145611
171	0,008277046	0,022207487	0,017068179	0,063660712	0,056824461	0,707106781	0,965925826	0,258819045	-1,767766953	0,965925826	0,039963068	0,022695061	0,049180255
172	0,0094759	0,070364728	0,066050789	0,002823484	0	0,866025404	0,866025404	-0,2	-1,25	0,866025404	0,021772085	0,072904601	0,054183315
173	0,008679821	0,039383041	0,086089837	0,003106093	0,258819045	0,965925826	0,707106781	-0,647047613	-0,647047613	0,707106781	0,083151888	0,070523554	0,002524844
174	0,094357133	0,02275642	0,087343547	0	0,5	1	0,5	-1,25	-0,2	0,5	0,085558016	0,072424082	0,029181458
175	0,010281924	0,02084166	0,073140747	0,258819045	0,707106781	0,965925826	0,258819045	-1,767766953	0,258819045	0,258819045	0,060578783	0,016988877	0,082248111
176	0,012955888	0,050215496	0	0,5	0,866025404	0,866025404	-0,2	-2,165063509	0,5	3,68E-16	0,067819023	0,083321023	0,039518837
177	0,076841892	0,047765813	0,258819045	0,707106781	0,965925826	0,707106781	-0,647047613	-2,414814566	0,707106781	0,056438746	0,056655041	0,047194437	0,051059503
178	0,092977997	0	0,5	0,866025404	1	0,5	-1,25	-2,5	0,866025404	0,016801123	0,026651087	0,082588793	0,087549983
179	0,020643203	0,258819045	0,707106781	0,965925826	0,965925826	0,258819045	-1,767766953	-2,414814566	0,965925826	0,008519889	0,059274528	0,097869931	0,095403177
180	0,093023747	0,5	0,866025404	1	0,866025404	-0,2	-2,165063509	-2,165063509	1	0,060808545	0,085411587	0,078492913	0,062573407
181	0,083326782	0,707106781	0,965925826	0,965925826	0,707106781	-0,647047613	-2,414814566	-1,767766953	0,965925826	0,058320046	0,092911681	0,075413037	0,075945592
182	0,05094775	0,866025404	1	0,866025404	0,5	-1,25	-2,5	-1,25	0,866025404	0,096408735	0,032734597	0,037657145	0,046354667
183	0,073681495	0,965925826	0,965925826	0,707106781	0,258819045	-1,767766953	-2,414814566	-0,647047613	0,707106781	0,094021879	0,093216142	0,037283324	0,007710659
184	0,094237633	1	0,866025404	0,5	-0,2	-2,165063509	-2,165063509	-0,2	0,5	0,003814681	0,070558983	0,045118312	0,048334233
185	0,038787655	0,965925826	0,707106781	0,258819045	-0,647047613	-2,414814566	-1,767766953	0,258819045	0,258819045	0,018515361	0,075579025	0,051375103	0,07891787
186	0,035751869	0,866025404	0,5	-0,2	-1,25	-2,5	-1,25	0,5	3,68E-16	0,051652087	0,023971514	0,094118075	0,081332822
187	0,012844458	0,707106781	0,258819045	-0,647047613	-1,767766953	-2,414814566	-0,647047613	0,707106781	0,024835032	0,04310652	0,07702655	0,034795401	0,0546868
188	0,01742401	0,5	-0,2	-1,25	-2,165063509	-2,165063509	-0,2	0,866025404	0,068479601	0,09053741	0,048708116	0,024238268	0,095981052
189	0,001242954	0,258819045	-0,647047613	-1,767766953	-2,414814566	-1,767766953	0,258819045	0,965925826	0,060969993	0,009589691	0,058275161	0,006466929	0,093958635
190	0,041660775	-0,2	-1,25	-2,165063509	-2,5	-1,25	0,5	1	0,088332552	0,086386331	0,071459318	0,067432579	0,004255946
191	0,038039494	-0,647047613	-1,767766953	-2,414814566	-2,414814566	-0,647047613	0,707106781	0,965925826	0,097788336	0,044985925	0,075864196	0,016299668	0,029788103
192	0,042530551	-1,25	-2,165063509	-2,5	-2,165063509	-0,2	0,866025404	0,866025404	0,019358278	0,08042575	0,073145053	0,01637519	0,024413109
193	0,069757853	-1,767766953	-2,414814566	-2,414814566	-1,767766953	0,258819045	0,965925826	0,707106781	0,076949855	0,067161192	0,099209523	0,060112201	0,005450873
194	0,072060372	-2,165063509	-2,5	-2,165063509	-1,25	0,5	1	0,5	0,026899026	0,021426367	0,030852332	0,017576406	0,044907253
195	0,050067658	-2,414814566	-2,414814566	-1,767766953	-0,647047613	0,707106781	0,965925826	0,258819045	0,051736145	0,082910992	0,064878608	0,094656852	0,079259572
196	0,068772668	-2,5	-2,165063509	-1,25	-0,2	0,866025404	0,866025404	3,68E-16	0,069942082	0,039615312	0,08510914	0,09214062	0,092365049
197	0,078578802	-2,414814566	-1,767766953	-0,647047613	0,258819045	0,965925826	0,707106781	0,095175759	0,009687417	0,098844666	0,078197386	0,093097832	0,086101764
198	0,078584832	-2,165063509	-1,25	-0,2	0,5	1	0,5	0,005133378	0,056921247	0,030621342	0,034077067	0,092471241	0,090061677
199	0,034402414	-1,767766953	-0,647047613	0,258819045	0,707106781	0,965925826	0,258819045	0,037088505	0,083326631	0,032529971	0,01882953	0,087916754	0,035008663
200	0,064903316	-1,25	-0,2	0,5	0,866025404	0,866025404	3,68E-16	0,024759839	0,00972821	0,033863979	0,005909845	0,03558969	0,044178269
201	0,07930981	-0,647047613	0,258819045	0,707106781	0,965925826	0,707106781	0,016659218	0,045650886	0,016560383	0,055430362	0,045788875	0,079676284	0,068899838
202	0,070564122	-0,2	0,5	0,866025404	1	0,5	0,086591833	0,057654711	0,085555983	0,076728749	0,014335239	0,084262633	0,021874141
203	0,014602428	0,258819045	0,707106781	0,965925826	0,965925826	0,258819045	0,011327102	0,031060178	0,034896456	0,090420106	0,005078372	0,033768517	0,055248664
204	0,042981234	0,5	0,866025404	1	0,866025404	3,68E-16	0,02439935	0,042278652	0,058820025	0,077095071	0,056993102	0,023032163	0,001122125
205	0,027209195	0,707106781	0,965925826	0,965925826	0,707106781	0,00378406	0,065928603	0,027049284	0,072161452	0,024282569	0,018660231	0,020087925	0,090615377
206	0,027959363	0,866025404	1	0,866025404	0,5	0,059852644	0,012721314	0,074237529	0,055765686	0,075360075	0,001890906	0,017585222	0,061323713
207	0,006456761	0,965925826	0,965925826	0,707106781	0,258819045	0,07675391	0,065554246	0,061976081	0,024902047	0,064375487	0,093085173	0,073940758	0,093356568
208	0,061486299	1	0,866025404	0,5	3,68E-16	0,028593531	0,072159624	0,071497929	0,002346741	0,063297563	0,042580313	0,054749845	0,099948549
209	0,037571434	0,965925826	0,707106781	0,258819045	0,053348989	0,037140623	0,089189461	0,066569113	0,034636418	0,023520988	0,098211129	0,023717679	0,046296208
210	0,071912373	0,866025404	0,5	3,68E-16	0,056534811	0,029579685	0,087752799	0,099904426	0,010277908	0,060760597	0,004588646	0,029405196	0,026523979
211	0,041663784	0,707106781	0,258819045	0,090415344	0,025008846	0,019715817	0,062096945	0,045231124	0,022979595	0,027097544	0,079433995	0,056376165	0,008695633
212	0,089347029	0,5	3,68E-16	0,072822045	0,086349601	0,096137974	0,022312015	0,067402887	0,027188072	0,099258765	0,037194041	0,009519676	0,088317715
213	0,094323273	0,258819045	0,057924392	0,099300291	0,079241853	0,058487317	0,085473504	0,033063367	0,037077826	0,06619832	0,077768583	0,065888336	0,014976948
214	0,011211489	3,68E-16	0,022484026	0,078180532	0,071664102	0,047440622	0,038232679	0,017160801	0,094349264	0,083547271	0,003887473	0,047953201	0,090852268
215	0,021262315	0,070774981	0,075096186	0,026190794	0,013876469	0,050661372	0,056925335	0,006842852	0,07357931	0,075605345	0,04216784	0,049930208	0,006981862
216	0,009251997	0,049037677	0,04823006	0,055973956	0,054754817	0,043018618	0,061098085	0,094443431	0,065848485	0,087074351	0,052204233	0,027141916	0,078093443
217	0,063749263	0,033636211	0,0876437	0,045318985	0,000998354	0,081170357	0,045279567	0,018929555	0,077441609	0,082484607	0,005071252	0,088550127	0,00871929
218	0,000933127	0,003279398	0,015605901	0,095215977	0,05537285	0,041042294	0,096201706	0,066994116	0,069216002	0,049518975	0,057374934	0,063814293	0,041438941
219	0,003848903	0,008330663	0,044861093	0,006128847	0,078672363	0,014925669	0,02500373	0,011593489	0,024568456	0,028909548	0,026465585	0,00153233	0,068572822
220	0,085257457	0,001180348	0,045856095	0,052275685	0,05031472	0,002380242	0,03640968	0,031642883	0,016625298	0,095343318	0,011815889	0,094912854	0,011138409
221	0,048316525	0,049947271	0,040602286	0,065397258	0,0903554	0,067815144	0,062746194	0,044659451	0,059505926	0,017117942	0,080774494	0,066690868	0,001618375
222	0,038560812	0,03056582	0,025413971	0,009527596	0,093428685	0,055353902	0,097655825	0,030331898	0,08040727	0,053679043	0,089302674	0,008562552	0,048051031
223	0,043057063	0,087076957	0,041879968	0,096496128	0,031746068	0,004516538	0,01621684	0,034182286	0,069542163	0,091476653	0,084882797	0,041349126	0,060536834
224	0,010893033	0,084862958	0,03575517	0,074433187	0,084041066	0,096028707	0,055330671	0,052825301	0,085589954	0,089479852	0,03012711	0,098350956	0,099881136
225	0,048117339	0,010266361	0,078961764	0,055080155	0,088848311	0,064213526	0,055311046	0,094296438	0,092874215	0,087127701	0,012020592	0,061102878	0,010508973
226	0,094038039	0,047070935	0,012023099	0,082628699	0,032735196	0,018679157	0,05610572	0,020371717	0,093326937	0,064324947	0,034647069	0,05998745	0,089934104
227	0,02769217	0,049655903	0,046476614	0,088624909	0,043996322	0,019482391	0,023667336	0,085366621	0,033834167	0,006404267	0,071537351	0,024909968	0,02659448
228	0,02006027	0,054773451	0,015765264	0,093519188	0,098814196	0,098305554	0,095459678	0,094940291	0,085316794	0,069209155	0,031772075	0,04293212	0,004666185
229	0,032366196	0,051380507	0,01821322	0,029946805	0,095932862	0,074326211	0,065857072	0,079560241	0,013363097	0,015645288	0,006167064	0,085962626	0,074222056
230	0,076717263	0,090724517	0,019458599	0,066466529	0,052738105	0,035786229	0,04535766	0,066282885	0,072107033	0,006457324	0,04405028	0,081416267	0,097268657
231	0,074054929	0,020380982	0,027218587	0,028107484	0,056078946	0,053371011	0,048311485	0,062362097	0,097650362	0,086630498	0,032000692	0,098155859	0,075156921
232	0,002142668	0,075936344	0,037166101	0,089279197	0,043909695	0,056513964	0,04042723	0,039334981	0,052920772	0,088733439	0,077105283	0,027133307	0,009835546
233	0,042622605	0,057013243	0,079579541	0,081988415	0,042654563	0,077264782	0,014544248	0,093873478	0,042128786	0,029376914	0,058331353	0,043895204	0,010007842
234	0,020447947	0,076698862	0,040403735	0,062602442	0,083997731	0,071409537	0,007560119	0,042374554	0,032015888	0,088130231	0,02707055	0,014024519	0,02707773
235	0,055379437	0,073748917	0,011212684	0,058932267	0,077184466	0,022347093	0,013381926	0,048142874	0,036389173	0,055001457	0,017618783	0,053289673	0,06248489
236	0,03878746	0,071558497	0,09733189	0,006374874	0,018543166	0,053966721	0,090424191	0,076314638	0,068419865	0,071925866	0,048530608	0,061457641	0,039289806
237	0,024010571	0,028422595	0,056785099	0,036811514	0,019920185	0,041324326	0,055578954	0,028561233	0,00370551	0,024896354	0,092917722	0,059721918	0,035028418
238	0,06855336	0,072842039	0,061696328	0,061263788	0,067433512	0,007758045	0,044102726	0,007793257	0,060892645	0,007443199	0,094653919	0,005298756	0,040457025
239	0,092880054	0,023051939	0,050359241	0,015907406	0,035627505	0,089875493	0,03255336	0,028341196	0,065871131	0,055539186	0,065462846	0,088884359	0,063585692
240	0,047641659	0,035001199	0,081249525	0,071410117	0,030157182	0,046601977	0,054362433	0,085797409	0,029053067	0,008539309	0,058652584	0,087463547	0,078863948
241	0,094850191	0,094769333	0,063867888	0,027014372	0,078443886	0,091733512	0,016878271	0,069324073	0,03583343	0,025882015	0,059976879	0,037941128	0,095814463
242	0,08165467	0,026093231	0,077244725	0,095484999	0,010879848	0,016968041	0,005328995	0,075722202	0,08635114	0,006509236	0,090904316	0,092024776	0,097190158
243	0,03695409	0,051988485	0,071104888	0,05882011	0,019402102	0,092890115	0,000905608	0,038030986	0,090984961	0,024316559	0,05832271	0,052734424	0,023364771
244	0,006774563	0,043385267	0,010295811	0,07365995	0,064427041	0,030630329	0,007595073	0,035895115	0,074951073	0,029355765	0,070979682	0,033652259	0,046881909
245	0,062188093	0,03357416	0,019055344	0,024319539	0,05108493	0,056078305	0,098202905	0,009922381	0,005402816	0,046479009	0,010466746	0,014997353	0,010588221
246	0,012259022	0,01965592	0,056760807	0,076510024	0,01099896	0,080989542	0,050291033	0,04259492	0,048406631	0,019572641	0,043155122	0,004230649	0,098775798
247	0,013441863	0,034209399	0,095999537	0,014366224	0,024548723	0,04229074	0,098164946	0,052376907	0,070879659	0,052930796	0,011721166	0,070757485	0,03395303
248	0,047583584	0,010543246	0,07100023	0,016844848	0,012102645	0,046516049	0,013121302	0,024961125	0,004948637	0,00927133	0,0719368	0,091655436	0,087026107
249	0,004721874	0,008031163	0,023450783	0,038208858	0,039141349	0,084704743	0,06379806	0,082306178	0,070600664	0,062634354	0,062734522	0,062430078	0,078704753
250	0,090258221	0,017812114	0,067600351	0,093879065	0,017195673	0,022110043	0,079358995	0,068038513	0,079888804	0,00678994	0,07235871	0,057761635	0,019973265
251	0,046046396	0,060906545	0,000866303	0,047721292	0,018782755	0,052507229	0,019742637	0,039961988	0,013999088	0,050622843	0,013519025	0,087638151	0,088195849
252	0,061013834	0,073720993	0,098537398	0,099708487	0,006253117	0,007474678	0,018466459	0,01241215	0,056950746	0,023909908	0,011971847	0,036362175	0,074456852
253	0,035751393	0,032218743	0,003142327	0,024283042	0,045181048	0,077007789	0,016798797	0,018724724	0,007480823	0,050378051	0,043601963	0,079057089	0,088585324
254	0,012727351	0,027671553	0,063509476	0,098616842	0,081936043	0,046782317	0,021835682	0,065035787	0,016864699	0,011432718	0,04744174	0,008639459	0,027977155
255	0,007049664	0,072551616	0,083881213	0,06701742	0,026238711	0,063282016	0,022848266	0,018690881	0,002210338	0,029640947	0,068180004	0,010739098	0,038725974
256	0,038335854	0,073185203	0,057641954	0,046109351	0,044047131	0,081456638	0,027409038	0,051034584	0,088637765	0,092838456	0,007068439	0,048808346	0,045762051
257	0,043521381	0,071637684	0,067016119	0,011449588	0,048439788	0,038444986	0,067172306	0,084569177	0,078160032	0,099803105	0,049806107	0,037574065	0,002992974
258	0,022789067	0,071484952	0,06256569	0,038520002	0,016169761	0,073621482	0,049609656	0,096080018	0,026367848	0,081720869	0,029711533	0,050056045	0,033917985
259	0,065173911	0,047718067	0,084708919	0,064182864	0,090166053	0,007572275	0,004913208	0,007241416	0,099692038	0,053956515	0,062901262	0,07659414	0,002262512
260	0,047545331	0,028171518	0,051768579	0,066721426	0,027986056	0,05060619	0,023217905	0,031654539	0,042026066	0,022477873	0,058651904	0,004226378	0,035518797
261	0,03308887	0,060368654	0,035823698	0,088192617	0,028724258	0,058255898	0,039836585	0,057590858	0,044655627	0,025030849	0,039571418	0,027452284	0,055013431
262	0,062811907	0,047328598	0,074669561	0,006775377	0,050338136	0,008189029	0,067861594	0,078637733	0,066339975	0,057487564	0,073626174	0,088997826	0,081819386
263	0,075617348	0,05979129	0,024453469	0,091044193	0,036917754	0,097567147	0,001993601	0,003554053	0,014076222	0,058862954	0,03510222	0,049991343	0,016477821
264	0,025383395	0,001445218	0,027139554	0,00016298	0,058262003	0,01980076	0,06053121	0,074075962	0,004481738	0,086709544	0,012848067	0,036958415	0,082721264
265	0,075089906	0,04881249	0,014786089	0,015863954	0,045559167	0,080908902	0,034422922	0,018944915	0,08772441	0,040781367	0,04610818	0,073904839	0,045968936
266	0,007499015	0,060075664	0,046391945	0,088866314	0,011720595	0,077003088	0,016316121	0,064734153	0,054304862	0,094663906	0,069150598	0,018896052	0,096660232
267	0,079213835	0,091160958	0,004227892	0,070519825	0,040197537	0,00767039	0,0009174	0,057380224	0,091579804	0,019651245	0,035950198	0,099327467	0,074850489
268	0,017957172	0,006497369	0,070937773	0,079532476	0,075788558	0,086364429	0,050163139	0,085839301	0,092087468	0,053846588	0,093547231	0,012226904	0,079392578
269	0,002898849	0,04428331	0,062491126	0,026129054	0,098531829	0,094567888	0,071091704	0,03013718	0,027670413	0,008492655	0,07024823	0,057912452	0,019071707
270	0,082006167	0,05469053	0,093178851	0,006521622	0,04462745	0,06162809	0,029872867	0,042151007	0,09640887	0,097422199	0,0614906	0,03063411	0,044054682
271	0,029124599	0,05160137	0,085057646	0,064884233	0,030197199	0,075339478	0,058402623	0,042120717	0,091961828	0,005796215	0,097995248	0,086096132	0,094398703
272	0,019601395	0,049933241	0,02122065	0,006997215	0,078489809	0,082229705	0,035341868	0,061501272	0,017331044	0,087630083	0,03592733	0,017383657	0,094988688
273	0,084498797	0,063725971	0,0729108	0,040346427	0,074633185	0,068404056	0,044203079	0,025219071	0,058361054	0,025071606	0,066381532	0,081987772	0,050972928
274	0,047101083	0,033071709	0,060500262	0,015786726	0,013233918	0,065217457	0,077293248	0,045031442	0,079139534	0,045549986	0,016384545	0,059937362	0,084449641
275	0,048809932	0,088972076	0,020118493	0,094314033	0,009462191	0,004889619	0,077255659	0,060688083	0,029487706	0,045885307	0,062359586	0,068220929	0,032302192
276	0,079106706	0,011415932	0,072485714	0,083005409	0,063203259	0,042228211	0,088940817	0,023857844	0,023502293	0,02329824	0,096077728	0,075939005	0,06823337
277	0,023066967	0,065868048	0,011663203	0,010906899	0,065773065	0,041413245	0,091133842	0,093640973	0,07573103	0,038247373	0,016963102	0,016852904	0,035795868
278	0,020725783	0,04588202	0,071142238	0,003070886	0,043493725	0,07528628	0,039683744	0,037991287	0,090881151	0,029785133	0,076741735	0,035954658	0,020053108
279	0,087789406	0,098543888	0,018323569	0,010539692	0,088664731	0,03626572	0,037325296	0,089399358	0,020241258	0,0054358	0,070258283	0,085472726	0,05445991
280	0,058775164	0,075944944	0,007524193	0,02749918	0,021692807	0,040709354	0,025437578	0,038299862	0,029219843	0,052903061	0,06784714	0,042953061	0,037747531
281	0,073636099	0,088530478	0,010667856	0,059284379	0,087445903	0,097459963	0,033091251	0,013100737	0,086921434	0,091858082	0,064561201	0,007689838	0,089079854
282	0,038757243	0,084179184	0,033425252	0,041506692	0,042750432	0,038591155	0,083989399	0,020044253	0,011438042	0,06548549	0,039139211	0,097032505	0,060902641
283	0,047406163	0,055590842	0,043546993	0,070405262	0,058561843	0,047715209	0,011563148	0,002700067	0,00686224	0,077025626	0,023181328	0,06201406	0,086539279
284	0,090583385	0,038319224	0,011695642	0,078850599	0,061126001	0,080061761	0,074651135	0,047640761	0,050772274	0,015283529	0,021103803	0,071653012	0,015714997
285	0,008798107	0,069068281	0,051205878	0,038410562	0,084553548	0,043169977	0,05765728	0,062256362	0,010397292	0,013123106	0,045726625	0,086244455	0,066565182
286	0,051940075	0,078271444	0,002697001	0,02922875	0,034528297	0,008400796	0,001177923	0,014689292	0,044333502	0,084486897	0,023811093	0,012633353	0,053795448
287	0,066878987	0,01172066	0,027870153	0,084631028	0,055740263	0,087105854	0,028610481	0,098704164	0,099106021	0,041737957	0,058843264	0,046345908	0,036687363
288	0,021239948	0,009012938	0,063199721	0,050878169	0,058345257	0,014469718	0,006141541	0,030582941	0,089196884	0,091128374	0,08338793	0,02343315	0,038121106
289	0,036267334	0,091083082	0,070878249	0,098471254	0,056493459	0,040653989	0,019079069	0,062756801	0,032922164	0,043374583	0,085082936	0,066061348	0,047019191
290	0,010935814	0,087469643	0,061673307	0,077983392	0,097466041	0,099611786	0,063559432	0,077027854	0,00551449	0,080089873	0,017892185	0,095090039	0,090628338
291	0,043858338	0,043050189	0,010802779	0,083372503	0,009211222	0,08831586	0,064911673	0,082968037	0,063193607	0,054368032	0,011819591	0,01514304	0,057481895
292	0,005034171	0,066241371	0,052043381	0,055922852	0,000955685	0,018393446	0,06447518	0,068013373	0,030637422	0,085761967	0,036817303	0,057469033	0,057280009
293	0,081820114	0,079513157	0,000385718	0,092728903	0,096368809	0,03194966	0,033417549	0,003329098	0,076292699	0,012785323	0,013878393	0,080585663	0,012749758
294	0,064124029	0,020159829	0,023346151	0,064096387	0,010268052	0,099366085	0,060397619	0,084974164	0,021735469	0,000536069	0,027803465	0,003230811	0,037071915
295	0,034130211	0,08148268	0,026585902	0,096431512	0,01722642	0,002318489	0,094396273	0,067654823	0,084111953	0,087648093	0,049369188	0,078212802	0,044333475
296	0,03555661	0,030512962	0,029950324	0,037343394	0,0880769	0,096160753	0,019950426	0,002234583	0,09806649	0,067031925	0,066585055	0,017271916	0,076612217
297	0,001594547	0,066580166	0,045705463	0,021982011	0,079953429	0,031287738	0,014464582	0,051964518	0,020664807	0,079868993	0,074926074	0,001868717	0,069698283
298	0,083660334	0,057808204	0,050834068	0,021172397	0,09791925	0,003696187	0,031938205	0,026840748	0,090080642	0,013789872	0,028218933	0,052696521	0,062244897
299	0,056969536	0,036638982	0,033344311	0,072856785	0,091109993	0,03729447	0,055918382	0,050442392	0,053270908	0,09843136	0,07716321	0,05346492	0,054193334
300	0,045023911	0,089693821	0,052343191	0,059922664	0,040094024	0,044818864	0,057649891	0,034938724	0,048989216	0,006217755	0,003968743	0,084559717	0,083024414
301	0,087897154	0,019862079	0,051009023	0,000230376	0,052098059	0,095146144	0,049138142	0,054072493	0,080279666	0,03055099	0,013610267	0,077231215	0,063599214
302	0,029127265	0,057891517	0,073986977	0,026711133	0,098294782	0,026793679	0,023614551	0,039572508	0,06787554	0,027109141	0,066682752	0,073951732	0,057239543
303	0,0596626	0,05181101	0,092469074	0,075192806	0,017823329	0,024905329	0,012806493	0,078207344	0,026710709	0,011185264	0,028316859	0,054379995	0,011544497
304	0,097622982	0,009537483	0,031071243	0,001496883	0,09639565	0,045568164	0,085007956	0,065640929	0,014141698	0,090125553	0,026193196	0,00544052	0,066313036
305	0,079785719	0,004189886	0,07416521	0,019072267	0,078077236	0,048780255	0,015603576	0,059915759	0,018381629	0,014007392	0,082071009	0,026364337	0,067082919
306	0,076364422	0,050154059	0,016288749	0,067375248	0,074533094	0,04893273	0,052697588	0,054246545	0,009075516	0,079496137	0,035084772	0,00892785	0,006357821
307	0,033380689	0,084526486	0,000973766	0,002303366	0,060526933	0,03507393	0,043954521	0,031490519	0,029781856	0,054838873	0,021396608	0,065355815	0,069251846
308	0,093419035	0,067878412	0,091441028	0,062132373	0,002896988	0,042267541	0,069790361	0,09423193	0,005781113	0,078258184	0,096381612	0,01912647	0,041222483
309	0,00865351	0,015997709	0,070631815	0,067945789	0,051357348	0,028151104	0,065505165	0,099302485	0,032069144	0,01948204	0,09597538	0,024349021	0,048420282
310	0,005033484	0,004070105	0,017355885	0,075329056	0,081951206	0,017808862	0,093202391	0,074700083	0,079062593	0,001097563	0,058638065	0,05117607	0,019987744
311	0,04727805	0,065697069	0,07208999	0,008772673	0,005537954	0,048947083	0,038116061	0,030271673	0,049000222	0,083421918	0,054029147	0,01631305	0,012655079
312	0,057288898	0,029544568	0,056653123	0,022137559	0,009221535	0,052085977	0,033507682	0,030180439	0,009203757	0,001170491	0,053119555	0,04538841	0,030362301
313	0,029439148	0,077249821	0,092886984	0,055108782	0,082811879	0,093693652	0,065972327	0,034568524	0,0200863	0,032861373	0,055884728	0,007264968	0,064414932
314	0,02836966	0,017463522	0,016586061	0,063690259	0,052133847	0,030677645	0,083857203	0,020303872	0,011001001	0,091761308	0,003045431	0,048361326	0,000742243
315	0,041238725	0,038842961	0,047972648	0,007164734	0,008082535	0,039369334	0,046051294	0,026078665	0,025273733	0,044562718	0,018539464	0,052398714	0,066985836
316	0,06027068	0,000131951	0,034445293	0,03266867	0,07940974	0,083589697	0,080450864	0,09461353	0,008915338	0,09908288	0,059843538	0,084151142	0,099322313
317	0,061852279	0,094148898	0,018141221	0,028862735	0,072057683	0,088846644	0,032209968	0,09229015	0,009747442	0,068186413	0,087943977	0,0021993	0,042437094
318	0,093128532	0,054992549	0,05441213	0,00847873	0,095772949	0,037004783	0,085426399	0,01481013	0,07946351	0,061762946	0,068570001	0,004582968	0,038527864
319	0,077247553	0,058787985	0,023770946	0,009844624	0,072580683	0,039258252	0,087902599	0,002984098	0,052733345	0,073815935	0,03565205	0,070084701	0,025580883
320	0,096069666	0,026595052	0,040719581	0,066375178	0,000474709	0,092625128	0,032877059	0,055706098	0,060407911	0,082641952	0,013937966	0,006824109	0,003191771
321	0,065226437	0,072927013	0,064789075	0,038197578	0,067454725	0,010189143	0,009427562	0,092199248	0,024941798	0,025274402	0,067207769	0,092897737	0,067452423
322	0,080915848	0,036534859	0,072495198	0,025256756	0,027501239	0,084415053	0,079679113	0,023061002	0,06583394	0,020208805	0,046794981	0,009985794	0,092783314
323	0,007250786	0,049672573	0,013480667	0,033842982	0,024694286	0,08891432	0,001088172	0,007315415	0,014285539	0,091807609	0,025829561	0,079513895	0,097601217
324	0,064145099	0,074601844	0,041777442	0,011124621	0,024028431	0,060721507	0,04132648	0,089924967	0,015030869	0,090520902	0,08711114	0,084749965	0,001589113
325	0,038043889	9,11E-05	0,008959887	0,071456815	0,021408291	0,034816186	0,085445028	0,090774314	0,044798563	0,070100556	0,010300791	0,011141185	0,037460329
326	0,022839019	0,031175226	0,091379684	0,002439837	0,034815273	0,062586891	0,068593603	0,079929759	0,019251775	0,053625111	0,010516397	0,02638574	0,058939033
327	0,061303718	0,046168779	0,06118603	0,061258499	0,077028652	0,037537526	0,078541038	0,066796833	0,03759951	0,029466428	0,035773956	0,075253589	0,007625573
328	0,00938865	0,073184742	0,098343071	0,037608307	0,037404412	0,044308217	0,074278652	0,098174889	0,017858681	0,098353645	0,021438788	0,039576504	0,067086183
329	0,027727637	0,014800061	0,024028431	0,029125901	0,023599553	0,012705462	0,062942402	0,021024585	0,085493369	0,075906637	0,046800404	0,067737209	0,004988147
330	0,066076148	0,073783105	0,058950605	0,026001293	0,07166517	0,073488039	0,05589748	0,041137355	0,055860342	0,093490217	0,04080058	0,087549864	0,024686989
331	0,039397427	0,042001199	0,016578007	0,072943535	0,078190834	0,041520579	0,098523432	0,029358319	0,067099245	0,058756062	0,011152392	0,018612799	0,091075585
332	0,007321364	0,01487604	0,093941632	0,032288978	0,096790466	0,031002771	0,076608555	0,091675496	0,071891904	0,054436891	0,085430228	0,092112218	0,067923786
333	0,050484132	0,065475404	0,085063104	0,016037745	0,026089399	0,00066772	0,044568877	0,029335767	0,01171221	0,045122505	0,046840861	0,052610636	0,069001255
334	0,029072848	0,020062061	0,014770662	0,083437106	0,049764265	0,055527859	0,028814154	0,024648886	0,07240201	0,087465299	0,08465323	0,022534182	0,029542817
335	0,026263638	0,098724185	0,070307579	0,07600741	0,086135918	0,095963335	0,053530655	0,090574781	0,072672684	0,076805932	0,054197686	0,046767936	0,060486949
336	0,092471268	0,066032462	0,028556006	0,046932118	0,096752161	0,047712354	0,052734269	0,079576616	0,031189544	0,019221195	0,032772825	0,068389051	0,082774397
337	0,01354371	0,090107698	0,042070793	0,094659618	0,085032591	0,083671724	0,070058157	0,062722487	0,054846035	0,072940366	0,01603948	0,074984413	0,048625449
338	0,02790513	0,00385177	0,022159443	0,000503972	0,075180992	0,009904975	0,012998939	0,0749631	0,043118908	0,000420401	0,040265462	0,006114388	0,01753576
339	0,017318402	0,094072515	0,020312772	0,01140612	0,042875406	0,027962555	0,061188025	0,053641683	0,089747201	0,038202017	0,07245882	0,077629209	0,085988019
340	0,052225282	0,081156425	0,029454815	0,002409363	0,063546667	0,084977261	0,049867172	0,064252971	0,028409745	0,03493319	0,021988481	0,099460493	0,074764619
341	0,073324036	0,018851317	0,098243157	0,004108994	0,00420625	0,075883754	0,013604418	0,056530953	0,074494497	0,0454189	0,069422559	0,073254563	0,012885729
342	0,022285524	0,080926206	0,027457165	0,020641712	0,067472317	0,023792262	0,065648014	0,035225011	0,06019557	0,093792283	0,079962115	0,078528726	0,094572107
343	0,028432798	0,022361447	0,057235755	0,092760213	0,091700029	0,056492891	0,017822894	0,053901498	0,003336479	0,069628507	0,003306807	0,04561187	0,08299659
344	0,016008614	0,093994337	0,012595252	0,028598365	0,099897568	0,096656264	0,098439939	0,001682251	0,019784046	0,095004567	0,048065838	0,05892168	0,059182433
345	0,04466109	0,015043745	0,00532833	0,081181171	0,046572668	0,003252227	0,042306357	0,06940487	0,035651839	0,097750544	0,043390756	0,008219237	0,05693496
346	0,009107996	0,083972629	0,0709375	0,020828261	0,029170404	0,050002	0,01704679	0,061931119	0,005026728	0,014105479	0,012534546	0,021348686	0,028791442
347	0,050879434	0,08621709	0,096267922	0,097820546	0,09141275	0,092066848	0,090692346	0,05866147	0,064504459	0,006252244	0,004828335	0,040830473	0,024526295
348	0,066212789	0,04674938	0,098289937	0,0080298	0,036453922	0,085006327	0,092753859	0,016741914	0,000892418	0,064180311	0,019958598	0,010879133	0,067052215
349	0,057866958	0,051293784	0,085385441	0,093452704	0,05679227	0,004966206	0,005292442	0,031329929	0,000241837	0,000406937	0,068907853	0,038368806	0,093842291
350	0,045947191	0,020336063	0,037477244	0,026373843	0,077894791	0,096655175	0,040992612	0,04709282	0,080773288	0,054605317	0,016413592	0,08003878	0,011121823
351	0,045064681	0,091956139	0,082576835	0,036550104	0,068563978	0,010562584	0,007625976	0,062195923	0,061367431	0,041897296	0,076438526	0,064828472	0,033416439
352	0,08642257	0,072741441	0,049481662	0,035724379	0,038665747	0,098969978	0,018686706	0,005211643	0,016910933	0,002018693	0,095675171	0,042601603	0,023281118
353	0,088925421	0,037571121	0,021998298	0,040878222	0,079377809	2,76E-05	0,035618907	0,013602512	0,092000939	0,074985264	0,001534675	0,080666469	0,060356822
354	0,023445959	0,055840821	0,03177362	0,037294288	0,094340228	0,087924196	0,084924296	0,026789587	0,044854238	0,029551256	0,062588216	0,090873751	0,091026983
355	0,07626403	0,023720411	0,059253102	0,046133	0,023229346	0,038269067	0,083783498	0,059906282	0,057531595	0,008091454	0,027703381	0,000862217	0,015156731
356	0,073172805	0,008431362	0,057824855	0,031059706	0,08727995	0,026492702	0,093417044	0,099883493	0,068382463	0,007597946	0,030833191	0,080768119	0,069496507
357	0,084264446	0,05885301	0,093822174	0,009367837	0,030889364	0,004040583	0,022225351	0,06931623	0,077727513	0,026051448	0,074189399	0,071376324	0,087928961
358	0,000940509	0,085604379	0,016462423	0,014732884	0,071089504	0,020981937	0,089831952	0,056608365	0,065133781	0,025523819	0,041124973	0,038880977	0,05059615
359	0,013667564	0,044346823	0,043504369	0,034842274	0,076374624	0,0229288	0,082224751	0,045165514	0,03114545	0,018134417	0,002521505	0,016325556	0,094300842
360	0,03378822	0,070848153	0,070059132	0,079602132	0,07385283	0,027851785	0,066546919	0,090830715	0,09271785	0,046261595	0,029243479	0,099582645	0,004192939
361	0,047271129	0,071805308	0,028517045	0,082990003	0,063171134	0,026636847	0,013618878	0,051552842	0,07858091	0,009859409	0,063545701	0,022516735	0,00729291
362	0,014495424	0,065945927	0,078423001	0,010422639	0,048746804	0,023317922	0,086590065	0,052813588	0,048202259	0,042347735	0,018108731	0,095872833	0,021748069
363	0,087121004	0,042364409	0,0750398	0,077274618	0,057864975	0,014488284	0,092715224	0,08750451	0,073799725	0,085770066	0,04892611	0,038677076	0,066962453
364	0,007598155	0,073406247	0,013789792	0,034202177	0,045855404	0,091532156	0,052963132	0,033547898	0,09837316	0,013108727	0,062273934	0,091237577	0,031326369
365	0,008852402	0,059205208	0,022871092	0,03268051	0,052645555	0,06618462	0,00583732	0,085889491	0,070316446	0,042217522	0,096732183	0,056900486	0,071265634
366	0,005373665	0,021091001	0,062839048	0,093189841	0,084428553	0,073876697	0,001740141	0,044542676	0,093594151	0,097686698	0,003739514	0,041012612	0,096375733
367	0,049495003	0,054227732	0,073984478	0,012121083	0,009083614	0,084024904	0,071434815	0,085957615	0,035869516	0,098641764	0,031664531	0,037383263	0,040729029
368	0,056226963	0,050850699	0,040857336	0,057602843	0,006905493	0,025009588	0,072329201	0,014572619	0,017315122	0,081864841	0,048950331	0,074405079	0,003250565
369	0,001752231	0,051229141	0,090824101	0,013488798	0,039323339	0,069449577	0,065830016	0,052353166	0,018698777	0,046468333	0,064207903	0,043356099	0,059937536
370	0,073356366	0,062849084	0,076167145	0,067735145	0,070715199	0,012583727	0,056476108	0,066907777	0,044176383	0,017161037	0,042747212	0,048924019	0,042092829
371	0,054939624	0,025727232	0,015882507	0,060225671	0,067079197	0,008541735	0,057900792	0,030246639	0,047766813	0,094139626	0,049747862	0,004304049	0,0662148
372	0,065314322	0,001936754	0,086639983	0,036579176	0,05104346	0,050733079	0,047310219	0,005462519	0,01973297	0,032763589	0,00947747	0,08940484	0,031463732
373	0,028351484	0,001596208	0,089397031	0,085067911	0,032642721	0,017526389	0,09999665	0,025063075	0,018509555	0,026909294	0,044555356	0,047238678	0,026664827
374	0,019815773	0,005972402	0,01284869	0,048797652	0,021641654	0,06993215	0,025290836	0,09191804	0,002522891	0,072225027	0,021506843	0,065408399	0,059317561
375	0,073280757	0,010902809	0,018156838	0,042317619	0,032903922	0,095195198	0,085387871	0,079417567	0,011875763	0,019540021	0,017038325	0,023748403	0,079252207
376	0,016274051	0,007532232	0,078778128	0,071523441	0,029519772	0,050571742	0,057673909	0,068807246	0,079996217	0,00317818	0,090116253	0,074552434	0,079798405
377	0,073328342	0,078339897	0,075760793	0,062136892	0,050209952	0,043954398	0,09233537	0,006905218	0,024815263	0,006207231	0,004364126	0,057564254	0,05255702
378	0,069623211	0,005472542	0,001915575	0,024156115	0,008952272	0,000947649	0,010100844	0,029456712	0,085606847	0,097462196	0,044707653	0,045589474	0,017309949
379	0,06728433	0,005574811	0,071187165	0,037488835	0,032039066	0,016682559	0,002303331	0,038201018	0,099281515	0,009147678	0,063478911	0,093582169	0,089982482
380	0,068315363	0,044081947	0,016458851	0,083197147	0,085789927	0,045715056	0,015779701	0,050678481	0,033147275	0,012357616	0,001830155	0,038344987	0,035150851
381	0,014706087	0,075672773	0,087321071	0,005840915	0,098793492	0,007149562	0,079467551	0,095136983	0,014305137	0,021066368	0,080177003	0,006122701	0,052531226
382	0,008190171	0,028156013	0,016717097	0,011124351	0,085164875	0,021729931	0,043891771	0,024568677	0,066637375	0,089386997	0,070131612	0,006094916	0,050497387
383	0,073244897	0,001734767	0,047053311	0,045004601	0,074655253	0,078052711	0,098786528	0,061106081	0,075345244	0,043057062	0,014950266	0,04851393	0,09412226
384	0,042593736	0,025344705	0,062049814	0,00210878	0,006922707	0,082654388	0,02015636	0,032109478	0,090917475	0,052652488	0,09632563	0,001864642	0,041668864
385	0,022121675	0,020874983	0,035713515	0,008499922	0,097310953	0,066902348	0,061604709	0,086262865	0,069319751	0,060506595	0,066987313	0,064995338	0,077863987
386	0,048082708	0,010839627	0,02078888	0,091569383	0,055417163	0,089553709	0,010073542	0,041737009	0,036986118	0,038924458	0,006224142	0,055389354	0,01249718
387	0,090720288	0,003249774	0,070608461	0,065827881	0,070496872	0,041924697	0,096410397	0,045677761	0,022268936	0,057919247	0,083737561	0,072598994	0,093802924
388	0,098542344	0,05961926	0,013322614	0,023890147	0,011577054	0,052643237	0,041818285	0,05049697	0,024458017	0,060284815	0,000368552	0,061467952	0,0436113
389	0,015626266	0,004961551	0,055701271	0,084969705	0,098378743	0,086033027	0,032469882	0,018369695	0,073960697	0,047966413	0,064950985	0,053301636	0,002640799
390	0,078500858	0,069897789	0,007154875	0,007656494	0,060875828	0,092649878	0,015163028	0,028592334	0,072153392	0,059529243	0,04964435	0,029603824	0,048456739
391	0,035504718	0,033022435	0,054899922	0,058697444	0,098140478	0,09268809	0,00541214	0,022030392	0,040765103	0,027955967	0,03528018	0,069645556	0,090601223
392	0,077188787	0,041706396	0,071820704	0,072681558	0,072237218	0,071861736	0,087635923	0,088469043	0,008726471	0,070519642	0,086161076	0,014639779	0,095406589
393	0,096785194	0,027202521	0,007541208	0,053770032	0,063500171	0,011338866	0,098806258	0,012066121	0,064897651	0,057832795	0,042383146	0,025263252	0,087689115
394	0,068172605	0,037124753	0,033165878	0,089577708	0,092832253	0,092491784	0,001033437	0,094692624	0,002504921	0,094861831	0,002068174	0,029085494	0,038907811
395	0,093118501	0,02933082	0,066606872	0,025663261	0,096236206	0,007282615	0,028764148	0,038488054	0,051664441	0,072785126	0,071586103	0,095468231	0,042515246
396	0,066658357	0,074039845	0,094321842	0,046410097	0,071941799	0,071262526	0,010088576	0,040724129	0,084078496	0,099713234	0,040351203	0,041392255	0,086565785
397	0,076148936	0,072825702	0,027497626	0,031189614	0,072900177	0,049142229	0,068599424	0,035016946	0,026641216	0,096465109	0,074330406	0,07045901	0,014244209
398	0,09212861	0,043961309	0,005233739	0,086614443	0,084197932	0,021003342	0,013226063	0,097206172	0,015512724	0,079147148	0,095852322	0,09649478	0,090926926
399	0,083538787	0,065425209	0,065587798	0,019916727	0,013947653	0,085647936	0,099269661	0,064504302	0,059790668	0,012866162	0,079412389	0,056786529	0,003787369
400	0,036773583	0,015818176	0,081402504	0,021242917	0,080294546	0,023744922	0,043620281	0,01352971	0,064606463	0,03337646	0,069507014	0,08823016	0,084238772
401	0,039645926	0,035027052	0,060320446	0,098933313	0,023169025	0,033540396	0,010253559	0,00718801	0,092486979	0,089001713	0,017875667	0,002159092	0,077872833
402	0,079609238	0,00238445	0,01152111	0,006068551	0,006837808	0,013396905	0,015777952	0,008447097	0,080377437	0,034656695	0,021889178	0,085624983	0,091982834
403	0,098865811	0,078780195	0,052173804	0,076385943	0,050631714	0,044992134	0,08788551	0,086481941	0,003127321	0,07856932	0,035329791	0,001296359	0,009089233
404	0,028385527	0,034031683	0,09016439	0,087145731	0,086713353	0,054160154	0,076419692	0,081612566	0,036083378	0,004014644	0,067309249	0,049838089	0,031670394
405	0,08897775	0,08669735	0,086725239	0,09591956	0,057128395	0,067621833	0,091732656	0,016667806	0,038550882	0,001960364	0,048251036	0,002129561	0,027605131
406	0,087732496	0,034240437	0,063403887	0,059056041	0,05318726	0,092398666	0,007495487	0,092707261	0,033805418	0,057068299	0,097292209	0,098809012	0,001884007
407	0,096073536	0,049739016	0,011734523	0,078451131	0,099835818	0,063684038	0,043530607	0,005710285	0,095929788	0,094796277	0,058327697	0,091658123	0,089479551
408	0,079187769	0,072785614	0,056035795	0,047649412	0,065979625	0,037637988	0,007228178	0,056752599	0,027116372	0,05591885	0,040775168	0,097198757	0,032245448
409	0,049391733	0,052191002	0,027363921	0,02782407	0,055582384	0,063489228	0,028527597	0,031259267	0,087418605	0,048850813	0,035823682	0,07335108	0,081436345
410	0,061314204	0,061535039	0,035278518	0,06366596	0,052616582	0,04562481	0,015835578	0,052369877	0,064352518	0,053871054	0,038776664	0,077022551	0,04973498
411	0,001099421	0,057913991	0,075703863	0,082902042	0,044288736	0,088348455	0,02810444	0,034952615	0,07480318	0,000797995	0,038712043	0,056252366	0,090422835
412	0,01693194	0,09038731	0,085392916	0,038406509	0,040124158	0,097167822	0,009536384	0,094164083	0,056190286	0,014981626	0,023448346	0,037910384	0,096399448
413	0,084305981	0,064787822	0,095697445	0,044181643	0,077730355	0,009000893	0,052696928	0,041327697	0,013854703	0,090625704	0,011851887	0,056669112	0,074096496
414	0,002988563	0,057677217	0,073973228	0,076515784	0,009535539	0,032005922	0,041429475	0,096028056	0,078268123	0,05955826	0,097553161	0,023992905	0,035333463
415	0,042092782	0,056780925	0,074398948	0,02028845	0,059330438	0,007550627	0,030165169	0,042375811	0,063314707	0,04451211	0,033083462	0,010216423	0,089977606
416	0,069978057	0,048638982	0,076379193	0,095311156	0,06457389	0,087509852	0,058124584	0,024564951	0,091852965	0,039743694	0,054258674	0,089849678	0,08124862
417	0,024217616	0,037330865	0,042052167	0,090973562	0,065710678	0,053222276	0,051524179	0,036497478	0,037804096	0,001531832	0,014407723	0,04338851	0,020238894
418	0,035962599	0,040129247	0,001956715	0,032642696	0,048459682	0,046761854	0,061222117	0,017677496	0,074492687	0,038074278	0,099529259	0,096369083	0,061182488
419	0,002035407	0,065978186	0,063369792	0,08610657	0,073718557	0,033712196	0,059539275	0,025902209	0,073688015	0,022830401	0,01523074	0,099901633	0,0616896
420	0,035586326	0,012910372	0,088350482	0,03646592	0,04103732	0,00414842	0,097032469	0,035011086	0,06865993	0,013754927	0,03334846	0,047755557	0,013118079
421	0,017489206	0,008493896	0,039845809	0,037405564	0,052054845	0,080972061	0,078587859	0,073355587	0,067697316	0,012273011	0,095908443	0,034084826	0,094760297
422	0,092574519	0,035132944	0,002034212	0,055856683	0,081838373	0,077373043	0,003277924	0,061467534	0,003308714	0,066821061	0,050306194	0,02778013	0,058688716
423	0,06320527	0,091919496	0,046540852	0,074486348	0,036801085	0,07051432	0,095737023	0,009249502	0,074193259	0,088131812	0,06704002	0,053392972	0,022769324
424	0,0608973	0,019770403	0,044323629	0,026923625	0,042046328	0,059375288	0,098206793	0,055906348	0,057138533	0,047268026	0,063288721	0,004908414	0,036220235
425	0,060859751	0,069825199	0,026118556	0,086543823	0,077337981	0,088855023	0,007152642	0,076193488	0,084365915	0,06518747	0,003930432	0,055261476	0,000183845
426	0,076151254	0,018066496	0,032796571	0,094702054	0,091688549	0,057906142	0,068529801	0,05593535	0,04444022	0,024264276	0,006522552	0,078059216	0,05926606
427	0,009734763	0,010914402	0,071832734	0,085696872	0,046455221	0,045962147	0,037751508	0,055762415	0,085271582	0,010881912	0,00699376	0,087526603	0,08871256
428	0,072881781	0,032474267	0,031402147	0,014799158	0,02355507	0,005196067	0,085190922	0,088842688	0,02518677	0,090839263	0,027743163	0,081213388	0,088670448
429	0,034520247	0,027420951	0,090920797	0,07868543	0,095403657	0,033899946	0,023882283	0,081005074	0,026740209	0,030003314	0,003933493	0,045100336	0,033492005
430	0,059523004	0,07365144	0,090721641	0,084420668	0,064742043	0,017620257	0,068223502	0,083405923	0,015464975	0,078200374	0,076845589	0,095466042	0,004385356
431	0,031283125	0,031681839	0,048738321	0,086489369	0,026951687	0,049206444	0,099573889	0,09346804	0,02762215	0,092868472	0,038959342	0,003576202	0,034602055
432	0,025220956	0,085124568	0,098540709	0,078619819	0,074100185	0,050285939	0,073445719	0,078066303	0,087423305	0,09501128	0,072053641	0,016378459	0,093336452
433	0,085393141	0,067226974	0,017271831	0,032015388	0,015366603	0,072157468	0,029328728	0,057826546	0,050136614	0,020406507	0,092717102	0,019920905	0,082208942
434	0,040706804	0,014864023	0,029559142	0,047981797	0,016946279	0,056409474	0,073006511	0,028599225	0,077020177	0,073217662	0,073541015	0,099891518	0,086174522
435	0,090880192	0,011995742	0,065408124	0,04290839	0,071043705	0,043764113	0,060421451	0,043567071	0,070439004	0,01641928	0,053377948	0,095828388	0,087982379
436	0,021229375	0,089712739	0,092115544	0,008184489	0,023149244	0,0459744	0,017228965	0,061760791	0,075081005	0,038988878	0,08106648	0,059641107	0,062877102
437	0,020180757	0,070755996	0,025923292	0,052287945	0,071328731	0,054357433	0,073515257	0,062975279	0,006996168	0,062058139	0,031697472	0,024101171	0,080330548
438	0,073816367	0,063942538	0,024753776	0,035635923	0,004531631	0,050291525	0,048100524	0,008630837	0,084593806	0,050621001	0,066079909	0,012334055	0,094835969
439	0,038544114	0,088878282	0,006954186	0,05958367	0,008128178	0,068541237	0,03598697	0,071694282	0,082010497	0,049611399	0,044422735	0,024156594	0,010194979
440	0,016281991	0,043368752	0,070143975	0,07429557	0,018382059	0,00112557	0,080209734	0,087054968	0,008763232	0,081624572	0,007382013	0,060444642	0,085034993
441	0,087781015	0,08176988	0,092230378	0,045559645	0,023490271	0,085608966	0,035476455	0,053979684	0,054331053	0,009695255	0,017620645	0,036591119	0,087681191
442	0,058432001	0,024098479	0,002086062	0,011435278	0,072941391	0,027363655	0,013052091	0,068986779	0,009801472	0,076731453	0,054361325	0,076230787	0,050903446
443	0,043998172	0,090040915	0,04842339	0,037867746	0,073710242	0,005343797	0,017781098	0,095348359	0,086341119	0,087231735	0,048228282	0,034694955	0,093735577
444	0,022778976	0,049432878	0,029508113	0,000494224	0,034188267	0,009207086	0,07764619	0,017154719	0,015775127	0,034930409	0,006584576	0,043906689	0,071661618
445	0,091831238	0,017764776	0,054802534	0,006003233	0,002827721	0,069926324	0,055380353	0,049362223	0,092542643	0,06279444	0,0543777	0,021652596	0,060112274
446	0,034302724	0,031542092	0,019458991	0,042991105	0,065292972	0,004800259	0,088450421	0,087648167	0,069984172	0,013376453	0,096850376	0,048901086	0,027030267
447	0,01071909	0,063580871	0,091543296	0,005200047	0,016341709	0,058646385	0,06284023	0,015375586	0,028354098	0,084318908	0,099928256	0,08802818	0,092390557
448	0,036621434	0,054344036	0,02147958	0,078422347	0,032284622	0,027248181	0,083001461	0,002136618	0,0056623	0,051652782	0,042723378	0,034447979	0,003510588
449	0,063092224	0,033918838	0,07855537	0,007457717	0,093377808	0,043061568	0,017976477	0,036767388	0,036705617	0,086794142	0,099467426	0,074152257	0,054412349
450	0,050511323	0,056957987	0,059921338	0,082839647	0,013380608	0,016668109	0,070765979	0,05946044	0,005193816	0,080653617	0,064096537	0,062931424	0,007214738
451	0,071420711	0,026910316	0,051751001	0,018718723	0,018062302	0,057223007	0,09962173	0,008381271	0,068791037	0,07904464	0,085082916	0,000199379	0,048923447
452	0,03549549	0,079997153	0,082594618	0,092840756	0,046087666	0,085816354	0,075439615	0,097537073	0,058958816	0,051605896	0,027990923	0,046194146	0,09360932
453	0,094954357	0,083681657	0,045250936	0,049190482	0,01484538	0,00287885	0,048093999	0,024555755	0,084205682	0,090420497	0,071677001	0,046824154	0,02530884
454	0,045759456	0,003629469	0,063964988	0,048762642	0,052293482	0,080676782	0,032707041	0,025795678	0,070941428	0,08200166	0,01530369	0,025485782	0,042065723
455	0,069055882	0,003664715	0,051003212	0,0042911	0,060931659	0,025267452	0,01858193	0,013330978	0,019192186	0,005942055	0,043981026	0,05081046	0,04310308
456	0,078764449	0,022737162	0,022265284	0,068860317	0,096191627	0,022543478	0,055044679	0,076457887	0,016480206	0,030044374	0,010669464	0,010993783	0,048579364
457	0,070634615	0,041109311	0,024767421	0,049664859	0,095741543	0,016263504	0,070325841	0,080486874	0,067132169	0,019990883	0,073525986	0,034573211	0,090770237
458	0,005902613	0,094687824	0,074239175	0,011864476	0,075776982	0,041336631	0,06973824	0,006793946	0,079403609	0,000303113	0,089015038	0,029789622	0,0500465
459	0,088649072	0,052013501	0,050645967	0,090256009	0,09093684	0,066810873	0,010422046	0,095598762	0,023421979	0,070671574	0,091231954	0,022172069	0,053310214
460	0,040368368	0,004677679	0,089195643	0,083895548	0,022715137	0,086492971	0,066388276	0,081155374	0,085965695	0,024387161	0,021907058	0,03731554	0,076848621
461	0,065840941	0,045635287	0,098486752	0,03631618	0,070302361	0,003461553	0,059853748	0,090892736	0,08967212	0,02642692	0,098067759	0,017247441	0,059059058
462	0,047745747	0,067732306	0,084801983	0,010310064	0,041293232	0,088878355	0,04228472	0,086092868	0,094190375	0,011766618	0,022329741	0,095132778	0,088312415
463	0,007817545	0,085362285	0,067211597	0,00483972	0,063585517	0,071845396	0,049271387	0,097513793	0,087886831	0,019480925	0,081294151	0,071444866	0,092379572
464	0,038822387	0,017104893	0,040824775	0,082267141	0,092158675	0,094313194	0,084854004	0,028259573	0,043938175	0,065307109	0,035756703	0,016798194	0,009010249
465	0,0645368	0,074020792	0,00246361	0,083940456	0,053369716	0,013410434	0,071800288	0,00214771	0,004899887	0,016032846	0,011881495	2,96E-05	0,0798749
466	0,05376618	0,001569657	0,064062192	0,067074073	0,023736901	0,042394029	0,083829931	0,075811234	0,086161037	0,02339981	0,086505837	0,06960935	0,066303061
467	0,027912238	0,027702683	0,073311416	0,084643959	0,00682675	0,025285986	0,021341278	0,074162255	0,081315664	0,047278727	0,087198252	0,066286343	0,090319054
468	0,035378364	0,06398564	0,064429823	0,007660596	0,074953452	0,006533363	0,055728452	0,03838119	0,059115369	0,075103443	0,022551432	0,035129997	0,036892961
469	0,061953127	0,012576558	0,045189785	0,039812023	0,055306546	0,053392665	0,082555653	0,005668938	0,044295856	0,083987335	0,024770089	0,03161649	0,095078472
470	0,037492067	0,076938321	0,011239508	0,059496098	0,086961123	0,07054528	0,0280574	0,04680496	0,081865829	0,019779545	0,093558553	0,080231432	0,098388774
471	0,051642086	0,004631143	0,011360269	0,026591036	0,009795611	0,044558996	0,000491564	0,090962742	0,068977756	0,026478009	0,032710897	0,08786678	0,004930856
472	0,035634006	0,021973799	0,069083756	0,09508194	0,009408237	0,084770292	0,026996519	0,052391396	0,026272226	0,06394578	0,014069116	0,061893096	0,093986795
473	0,051343842	0,062770886	0,093495412	0,073254803	0,034583078	0,0263049	0,063767568	0,043137126	0,07438025	0,036082377	0,038530099	0,030322055	0,029485696
474	0,053184699	0,050570624	0,00266201	0,05386635	0,075194047	0,054219322	0,070189249	0,049473601	0,018139983	0,08657081	0,043153518	0,027115735	0,033917396
475	0,080158509	0,05955232	0,05836734	0,007117787	0,013519674	0,058477298	0,077600734	0,059330065	0,090875348	0,0319226	0,08581888	0,073200019	0,036972878
476	0,059586142	0,068660501	0,00755266	0,038174314	0,018964575	0,049783704	0,025457086	0,002324761	0,044351777	0,079731623	0,004616052	0,017665445	0,075387582
477	0,090566195	0,096327788	0,02141605	0,080405866	0,050533981	0,073001946	0,094424615	0,032232414	0,003826741	0,050750481	0,069407537	0,005565606	0,070945256
478	0,009612809	0,014178694	0,096246715	0,076172133	0,080632657	0,092279039	0,095052949	0,073291232	0,047842361	0,046428487	0,047865782	0,011576981	0,077665839
479	0,002889445	0,00966485	0,052657079	0,000699037	0,017539068	0,075714915	0,093791478	0,04378716	0,015801544	0,054472889	0,080588383	0,058026099	0,028563549
480	0,083455653	0,054067595	0,032420241	0,01148877	0,020715123	0,007222857	0,031137531	0,089549971	0,06019516	0,095167711	0,021588583	0,064484397	0,025137683
481	0,059097824	0,014541579	0,059660313	0,029196253	0,034961279	0,084476336	0,03999897	0,06166607	0,009883163	0,018732757	0,070021729	0,028742679	0,066880745
482	0,083723537	0,01446264	0,085249373	0,003944972	0,009613875	0,018057133	0,032198341	0,065381074	0,079280373	0,0977058	0,016993243	0,049205765	0,072904461
483	0,07627823	0,043857528	0,084953961	0,024948912	0,003345424	0,090160715	0,045966246	0,093267219	0,02848154	0,058517545	0,046997133	0,077141027	0,08960407
484	0,057577239	0,06980581	0,054900027	0,090234364	0,079650392	0,058126469	0,080630101	0,071411373	0,079960298	0,020262466	0,024877393	0,066370424	0,064544752
485	0,016531988	0,013683089	0,07650169	0,065966283	0,051880841	0,094816193	0,068404396	0,01682481	0,048143445	0,045021732	0,065559389	0,059165696	0,030406929
486	0,040095676	0,044685302	0,07905783	0,080081747	0,087473031	0,043085959	0,039830216	0,083456	0,084907623	0,091077309	0,094409594	0,006255552	0,004011017
487	0,077656007	0,001878356	0,068016295	0,062403464	0,030313491	0,066643851	0,065997145	0,012406479	0,068507687	0,089559374	0,08275748	0,009563517	0,072132398
488	0,041811134	0,054605217	0,018367968	0,012204422	0,081728071	0,015073092	0,067429315	0,049873182	0,020770316	0,047763362	0,002603557	0,006833601	0,026473515
489	0,061059674	0,06951932	0,055581708	0,057825404	0,081469221	0,036633032	0,097960439	0,072481865	0,074525905	0,091751143	0,0249331	0,073934358	0,092829006
490	0,013468411	0,055914417	0,060761004	0,091556154	0,048090788	0,093159041	0,045231923	0,035507821	0,042653112	0,090514338	0,093660287	0,06694566	0,029618572
491	0,055997779	0,011479056	0,019200738	0,01524323	0,080239137	0,029828005	0,013478476	0,052914029	0,018719072	0,028375393	0,057824337	0,084396587	0,064516791
492	0,042987642	0,036226345	0,073036928	0,096216916	0,046039516	0,012841679	0,073063752	0,084571306	0,067142654	0,059393363	0,089204106	0,041599483	0,097182141
493	0,033470007	0,055601288	0,015132694	0,075356938	0,058525942	0,060736726	0,020007293	0,008655083	0,021007511	0,074870175	0,043267104	0,082531359	0,08831759
494	0,019484813	0,018336798	0,06481979	0,023963924	0,023111821	0,001013404	0,064404693	0,040217285	0,072709437	0,044767752	0,007643719	0,060434592	0,043691837
495	0,035082988	0,048830427	0,057702373	0,086546844	0,044575002	0,005329775	0,080533869	0,076391361	0,092634116	0,042145777	0,017038512	0,00303939	0,007077531
496	0,016604618	0,066965952	0,092199332	0,079049926	0,011981473	0,070629718	0,068512473	0,030213764	0,064180935	0,005841295	0,021655293	0,099313322	0,044087
497	0,031226767	0,046266181	0,036150228	0,059551289	0,027473031	0,011698232	0,083454691	0,023478599	0,054073429	0,029673451	0,053183201	0,002192302	0,018229223
498	0,074319541	0,004911575	0,079554021	0,026175295	0,078010534	0,069265033	0,041741237	0,090184268	0,016790731	0,022972128	0,074339754	0,021637403	0,094368705
499	0,021203733	0,097193228	0,012830588	0,053780489	0,07930199	0,007484505	0,027700436	0,060414282	0,086482873	0,023576195	0,037728544	0,096682453	0,053473922
500	0,07186803	0,026257557	0,04585044	0,097888928	0,014293151	0,086773822	0,036800442	0,007915166	0,089834754	0,009511249	0,019091807	0,03144063	0,040669615										
